0 Stud with Hole at Outer Edge (Holder for Window/Door Bump) (Fast Draw)
0 Name: 8\studh.dat
0 Author: Gerald Lasser [GeraldLasser]
0 !LDRAW_ORG 8_Primitive UPDATE 2025-03
0 !LICENSE Licensed under CC BY 4.0 : see CAreadme.txt

0 BFC CERTIFY CCW

0 !HISTORY 2025-03-30 [OrionP] Official Update 2025-03

1 16 0 -4 0 0 0 -6 0 4 0 -6 0 0 8\3-8cylo.dat
1 16 0 -4 0 0 0 6 0 4 0 -6 0 0 8\1-4cylo.dat
2 24 -4.2426 -4 4.2426 -.30975 -4 5.95675
2 24 -4.2426 0 4.2426 -.30975 0 5.95675
2 24 -.30975 0 5.95675 -.30975 -4 5.95675
4 16 -.30975 -4 5.95675 -.30975 0 5.95675 -4.2426 0 4.2426 -4.2426 -4 4.2426
2 24 4.30975 0 4.04325 4.30975 -4 4.04325
2 24 4.30975 0 4.04325 6 0 0
2 24 4.30975 -4 4.04325 6 -4 0
4 16 4.30975 -4 4.04325 6 -4 0 6 0 0 4.30975 0 4.04325

1 16 2 -4 5 2.309699 0 -.956709 0 1 0 -.956709 0 -2.309699 8\2-4ndis.dat
1 16 2 -4 5 2.309699 0 -.956709 0 1 0 -.956709 0 -2.309699 8\2-4edge.dat
0 BFC INVERTNEXT
1 16 2 -4 5 2.309699 0 -.956709 0 4 0 -.956709 0 -2.309699 8\2-4cyli.dat

3 16 -.3098 -4 5.9568 -4.2426 -4 4.2426 -1.2664 -4 3.647
3 16 -1.2664 -4 3.647 -4.2426 -4 4.2426 0 -4 -6
3 16 1.0433 -4 2.6903 0 -4 -6 3.353 -4 1.7336
3 16 -1.2664 -4 3.647 0 -4 -6 1.0433 -4 2.6903
3 16 6 -4 0 3.353 -4 1.7336 0 -4 -6
3 16 6 -4 0 4.3097 -4 4.0433 3.353 -4 1.7336
1 16 0 -4 0 0 0 -6 0 1 0 -6 0 0 8\3-8chrd.dat
1 16 0 -4 0 0 0 6 0 1 0 -6 0 0 8\1-4chrd.dat
