0 Stud with Hole at Outer Edge (Holder for Window/Door Bump)
0 Name: studh.dat
0 Author: Gerald Lasser [GeraldLasser]
0 !LDRAW_ORG Primitive UPDATE 2025-01
0 !LICENSE Licensed under CC BY 4.0 : see CAreadme.txt

0 BFC CERTIFY CCW

0 !HISTORY 2025-01-20 [OrionP] Official Update 2025-01

1 16 0 -4 0 0 0 -6 0 4 0 -6 0 0 7-16cylo.dat
1 16 0 -4 0 0 0 6 0 4 0 -6 0 0 5-16cylo.dat
2 24 -2.2961 -4 5.5433 -.30975 -4 5.95675
2 24 -2.2961 0 5.5433 -.30975 0 5.95675
2 24 -.30975 0 5.95675 -.30975 -4 5.95675
4 16 -.30975 -4 5.95675 -.30975 0 5.95675 -2.2961 0 5.5433 -2.2961 -4 5.5433
1 16 4.926525 -2 3.169675 0 -1 -.616775 2 0 0 0 0 .873575 rect3.dat
5 24 -2.2962 -4 5.5434 -2.2962 0 5.5434 -.3098 -4 5.9568 -4.2426 -4 4.2426
5 24 5.5433 -4 2.2961 5.5433 0 2.2961 4.309699 -4 4.043291 6 -4 0

0 BFC INVERTNEXT
1 16 2 -4 5 0 0 -2.5 0 4 0 -2.5 0 0 5-16cyli.dat
0 BFC INVERTNEXT
1 16 2 -4 5 0 0 2.5 0 4 0 -2.5 0 0 3-16cyli.dat
1 16 2 -4 5 2.309699 0 -.956709 0 1 0 -.956709 0 -2.309699 2-4ndis.dat
1 16 2 -4 5 2.309699 0 -.956709 0 1 0 -.956709 0 -2.309699 2-4edge.dat
3 16 -.3098 -4 5.9568 -2.2962 -4 5.5434 -1.2664 -4 3.647
3 16 -1.2664 -4 3.647 -2.2962 -4 5.5434 0 -4 -6
3 16 1.0433 -4 2.6903 0 -4 -6 3.353 -4 1.7336
3 16 -1.2664 -4 3.647 0 -4 -6 1.0433 -4 2.6903
3 16 5.5433 -4 2.2961 3.353 -4 1.7336 0 -4 -6
3 16 5.5433 -4 2.2961 4.3097 -4 4.0433 3.353 -4 1.7336
1 16 0 -4 0 0 0 -6 0 1 0 -6 0 0 7-16chrd.dat
1 16 0 -4 0 0 0 6 0 1 0 -6 0 0 5-16chrd.dat
