0 Wheel Holding Pin with Centre Hole - Bottom Pocket
0 Name: wpin5e.dat
0 Author: Gerald Lasser [GeraldLasser]
0 !LDRAW_ORG Primitive UPDATE 2025-05
0 !LICENSE Licensed under CC BY 4.0 : see CAreadme.txt

0 BFC CERTIFY CCW

0 !HISTORY 2025-05-28 [OrionP] Official Update 2025-05

1 16 0 0 0 -4 0 0 0 -1 0 0 0 4 4-4cyli.dat
1 16 0 0 0 -4 0 0 0 -1 0 0 0 4 4-4edge.dat

0 BFC INVERTNEXT
1 16 0 0 .0543467 0 0 1.6 0 -1 0 1.6 0 0 3-16cyli.dat
4 16 1.47824 0 .6666667 1.6109 0 0 1.6109 -1 0 1.478233 -1 .666667
0 BFC INVERTNEXT
1 16 0 0 .0543467 0 0 -1.6 0 -1 0 1.6 0 0 3-16cyli.dat
4 16 -1.6109 -1 0 -1.6109 0 0 -1.47824 0 .6666667 -1.478233 -1 .666667
0 BFC INVERTNEXT
1 16 0 0 -.0543467 0 0 1.6 0 -1 0 -1.6 0 0 3-16cyli.dat
4 16 1.6109 -1 0 1.6109 0 0 1.47824 0 -.6666667 1.478233 -1 -.666667
0 BFC INVERTNEXT
1 16 0 0 -.0543467 0 0 -1.6 0 -1 0 -1.6 0 0 3-16cyli.dat
4 16 -1.47824 0 -.6666667 -1.6109 0 0 -1.6109 -1 0 -1.478233 -1 -.666667

1 16 0 0 .0543467 0 0 1.6 0 1 0 1.6 0 0 3-16chrd.dat
1 16 0 0 .0543467 0 0 -1.6 0 1 0 1.6 0 0 3-16chrd.dat
1 16 0 0 -.0543467 0 0 1.6 0 1 0 -1.6 0 0 3-16chrd.dat
1 16 0 0 -.0543467 0 0 -1.6 0 1 0 -1.6 0 0 3-16chrd.dat

1 16 0 0 .0543467 0 0 1.6 0 1 0 1.6 0 0 3-16edge.dat
1 16 0 0 .0543467 0 0 -1.6 0 1 0 1.6 0 0 3-16edge.dat
1 16 0 0 -.0543467 0 0 1.6 0 1 0 -1.6 0 0 3-16edge.dat
2 24 1.47824 0 -.6666667 1.6109 0 0
2 24 1.6109 0 0 1.47824 0 .6666667
2 24 -1.6109 0 0 -1.47824 0 .6666667
2 24 -1.6109 0 0 -1.47824 0 -.6666667

1 16 0 0 -.0543467 0 0 -1.6 0 1 0 -1.6 0 0 3-16edge.dat
4 16 -1.6109 0 0 -1.47824 0 -.6666667 0 0 -1.6543467 1.47824 0 -.6666667
4 16 -1.6109 0 0 1.47824 0 -.6666667 1.6109 0 0 -1.47824 0 .6666667
4 16 1.47824 0 .6666667 0 0 1.6543467 -1.47824 0 .6666667 1.6109 0 0