0 Wheel Holding Pin with Centre Hole without Bottom Edge - Quarter
0 Name: wpin5aq.dat
0 Author: Gerald Lasser [GeraldLasser]
0 !LDRAW_ORG Primitive UPDATE 2025-05
0 !LICENSE Licensed under CC BY 4.0 : see CAreadme.txt

0 BFC CERTIFY CCW

0 !HISTORY 2025-05-28 [OrionP] Official Update 2025-05

4 16 -4.20067 -8 .666667 -1.47824 -8 .6666667 -1.47824 -8 1.6543467 -4.00348 -8 1.65829
3 16 -1.47824 -8 1.6543467 0 -8 4.333 -4.00348 -8 1.65829
3 16 0 -8 4.333 -1.47824 -8 1.6543467 0 -8 1.6543467
4 16 -4.20067 -8 .666667 -4.20067 -7 .666667 -3.86734 -7 .666667 -1.47824 -8 .6666667
4 16 -3.86734 -7 .666667 -3.867333 -2.35 .666667 -1.47824 -2.35 .666667 -1.47824 -8 .6666667
2 24 -1.47824 -2.35 .666667 -1.47824 -8 .6666667

1 16 0 -8 .0543467 0 0 -1.6 0 1 0 1.6 0 0 3-16tndis.dat
2 24 -4.20067 -8 .666667 -1.47824 -8 .6666667

0 BFC INVERTNEXT
1 16 0 -8 .0543467 0 0 -1.6 0 8 0 1.6 0 0 3-16cyli.dat
1 16 0 -8 .0543467 0 0 -1.6 0 1 0 1.6 0 0 3-16edge.dat
2 24 -4.00334 -7 1.65867 -4.20067 -7 .666667
2 24 -4.00334 -8 1.65867 -4.20067 -8 .666667
2 24 -3.86734 -7 .666667 -4.20067 -7 .666667
2 24 -4.20067 -7 .666667 -4.20067 -8 .666667
4 16 -4.00334 -7 1.65867 -4.20067 -7 .666667 -4.20067 -8 .666667 -4.00334 -8 1.65867

1 16 0 -7 0 0 0 -4 0 7 0 4 0 0 3-16cyli.dat
1 16 0 -7 0 0 0 -4 0 1 0 4 0 0 3-16edge.dat
1 16 0 -7 0 0 0 -4.333 0 -1 0 4.333 0 0 3-16cylo.dat
1 16 0 -8 0 0 0 -4.333 0 1 0 4.333 0 0 3-16chrd.dat

1 16 0 0 0 -4 0 0 0 -1.75 0 0 0 4 1-16cyli.dat
2 24 -3.69534 -7 1.53067 -3.86734 -7 .666667
2 24 -3.867333 -2.35 .666667 -3.86734 -7 .666667
4 16 -3.69534 -7 1.53067 -3.86734 -7 .666667 -4.20067 -7 .666667 -4.00334 -7 1.65867
1 16 0 -7 0 0 0 -.33333 0 -1 0 .33333 0 0 3-16ring12.dat

0 // Slot
1 16 -4 -2.35 0 0 1 .132667 .6 0 0 0 0 .666667 8\1-4edge.dat
1 16 -4 -2.35 0 0 1 .132667 .6 0 0 0 0 .666667 8\1-4ndis.dat
1 16 -1.6109 -2.35 0 0 -1 .132667 .6 0 0 0 0 .666667 8\1-4ndis.dat
0 BFC INVERTNEXT
1 16 -4 -2.35 0 0 2.3891 .132667 .6 0 0 0 0 .666667 8\1-4cylo.dat
3 16 -3.867333 -1.75 .666667 -3.867333 -2.35 .666667 -3.6956 -1.75 1.5308
4 16 -3.6956 -1.75 1.5308 -3.867333 -2.35 .666667 -3.86734 -7 .666667 -3.69552 -7 1.53073
5 24 -4.00348 -8 1.65829 -4.00348 -7 1.65829 -4.20067 -8 .666667 -3.064225927 -8 3.064187589
5 24 -3.6956 0 1.5308 -3.69552 -7 1.53073 -3.86734 -7 .666667 -2.828516951 -7 2.828480557
4 16 -1.6109 -1.75 0 -1.6109 0 0 -1.47824 0 .6666667 -1.478233 -1.75 .666667