0 Tile  2 x  2 Round with Round Underside Stud with Silver McLaren Logo Pattern
0 Name: 14769pt0.dat
0 Author: Jens Brühl [jb70]
0 !LDRAW_ORG Part UPDATE 2025-03
0 !LICENSE Licensed under CC BY 4.0 : see CAreadme.txt

0 BFC CERTIFY CCW

0 !KEYWORDS Bricklink 14769pb705, McLaren, P1, Rebrickable 14769pr1314
0 !KEYWORDS set 42172

0 !HISTORY 2025-03-30 [OrionP] Official Update 2025-03

1 16 0 0 0 1 0 0 0 1 0 0 0 1 s\14769s01.dat
1 16 0 0 0 2 0 0 0 1 0 0 0 2 4-4ring7.dat
1 16 0 0 0 4 0 0 0 1 0 0 0 4 4-4ring4.dat
1 80 0 0 0 1 0 0 0 1 0 0 0 1 4-4ring13.dat
1 80 0 0 0 .5 0 0 0 1 0 0 0 .5 4-4ring25.dat
1 80 0 0 0 .8 0 0 0 1 0 0 0 .8 logo-mclaren-icon-outlined.dat
1 16 0 0 0 .8 0 0 0 1 0 0 0 .8 logo-mclaren-icon-outlined-filling.dat
1 16 0 0 0 .8 0 0 0 1 0 0 0 .8 logo-mclaren-icon-box.dat
1 16 0 0 0 12.5 0 0 0 1 0 0 0 12.5 4-4ering.dat
3 16 0 0 12.5 -4.78375 0 11.54875 4.78375 0 11.54875
3 16 8.83875 0 8.83875 10 0 5.52 11.54875 0 4.78375
3 16 -10 0 5.52 -8.83875 0 8.83875 -11.54875 0 4.78375
3 16 11.54875 0 -4.78375 10 0 -5.52 8.83875 0 -8.83875
3 16 -10 0 -5.52 -11.54875 0 -4.78375 -8.83875 0 -8.83875
3 16 -4.78375 0 -11.54875 0 0 -12.5 4.78375 0 -11.54875
3 16 12.5 0 0 11.54875 0 4.78375 11.54875 0 -4.78375
3 16 -11.54875 0 4.78375 -12.5 0 0 -11.54875 0 -4.78375
4 16 8.83875 0 8.83875 4.78375 0 11.54875 -4.78375 0 11.54875 -8.83875 0 8.83875
4 16 10 0 5.52 8.83875 0 8.83875 -8.83875 0 8.83875 -10 0 5.52
4 16 11.54875 0 -4.78375 11.54875 0 4.78375 10 0 5.52 10 0 -5.52
4 16 -8.83875 0 -8.83875 8.83875 0 -8.83875 10 0 -5.52 -10 0 -5.52
4 16 4.78375 0 -11.54875 8.83875 0 -8.83875 -8.83875 0 -8.83875 -4.78375 0 -11.54875
4 16 -11.54875 0 4.78375 -11.54875 0 -4.78375 -10 0 -5.52 -10 0 5.52
