0 Duplo Plate  2 x  4 with Hinge
0 Name: 16686.dat
0 Author: Peter Blomberg [WUIt]
0 !LDRAW_ORG Part UPDATE 2025-05
0 !LICENSE Licensed under CC BY 4.0 : see CAreadme.txt

0 BFC CERTIFY CCW

0 !HISTORY 2025-05-28 [OrionP] Official Update 2025-05

1 16 0 -19 -120 -1 0 0 0 2.75 0 0 0 1 stug7-2x2.dat
1 16 0 -19 -40 -1 0 0 0 2.75 0 0 0 1 stug7-2x2.dat

1 16 0 0 0 1 0 0 0 1 0 0 0 1 s\16686s01.dat

1 16 0 0 0 1 0 0 0 1 0 0 0 1 s\16686s02.dat
1 16 0 0 0 -1 0 0 0 1 0 0 0 1 s\16686s02.dat

0 // top
4 16 -21 -19 -3.978 -21 -19 -7.2713 21 -19 -7.2713 21 -19 -3.978
4 16 21 -19 -3.978 21 -19 0 -21 -19 0 -21 -19 -3.978
4 16 -40 -19 -160 40 -19 -160 21 -19 -7.2713 -21 -19 -7.2713

0 // front
1 16 0 -7 -160 40 0 0 0 0 12 0 1 0 rect.dat

0 // inner box
1 16 0 -5 -156 36 0 0 0 0 10 0 -1 0 rect.dat
4 16 -19 -15 -19 19 -15 -19 19 -15 -26.5 -19 -15 -26.5
4 16 -19 -15 -26.5 19 -15 -26.5 19 -15 -32.5 -19 -15 -32.5
4 16 19 -15 -32.5 36 -15 -156 -36 -15 -156 -19 -15 -32.5
1 16 0 -5 -19 19 0 0 0 0 10 0 1 0 rect.dat

0 // bottom helm
4 16 -40 5 -160 -36 5 -156 36 5 -156 40 5 -160
4 16 19 5 -19 -19 5 -19 -21 5 -18.0057 21 5 -18.0057

0 // bottom
2 24 -21 5 -18.0057 21 5 -18.0057
4 16 -21 7.2713 -17.5541 21 7.2713 -17.5541 21 5 -18.0057 -21 5 -18.0057