0 Duplo Brick  2 x  3 x  2 with Inside Curve
0 Name: 2301b.dat
0 Author: Willy Tschager [Holly-Wood]
0 !LDRAW_ORG Part UPDATE 2025-05
0 !LICENSE Licensed under CC BY 4.0 : see CAreadme.txt

0 BFC CERTIFY CCW

0 !CATEGORY Arch
0 !KEYWORDS BrickLink 2301, Rebrickable 2301

0 !HISTORY 2014-06-21 [PTadmin] Official Update 2014-01
0 !HISTORY 2025-04-21 [WUIt] Corrected orientation by creating b replacement file
0 !HISTORY 2025-05-28 [OrionP] Official Update 2025-05

3 16 40 0 20 40 0 -20 40 9.92 -21.08
3 16 40 19.62 -23.47 40 0 20 40 9.92 -21.08
4 16 40 0 20 40 19.62 -23.47 40 28.91 -27.12 40 96 20
3 16 40 37.64 -31.96 40 96 20 40 28.91 -27.12
3 16 40 96 20 40 37.64 -31.96 40 45.65 -37.91
3 16 40 52.81 -44.87 40 96 20 40 45.65 -37.91
3 16 40 58.98 -52.72 40 96 20 40 52.81 -44.87
3 16 40 96 20 40 58.98 -52.72 40 64.06 -61.31
3 16 40 67.96 -70.5 40 96 20 40 64.06 -61.31
4 16 40 96 20 40 67.96 -70.5 40 70.61 -80.1 40 96 -100
3 16 40 71.96 -90 40 96 -100 40 70.61 -80.1
3 16 40 96 -100 40 71.96 -90 40 72 -100

3 16 -40 0 20 -40 9.92 -21.08 -40 0 -20
3 16 -40 9.92 -21.08 -40 0 20 -40 19.62 -23.47
4 16 -40 96 20 -40 28.91 -27.12 -40 19.62 -23.47 -40 0 20
3 16 -40 28.91 -27.12 -40 96 20 -40 37.64 -31.96
3 16 -40 96 20 -40 45.65 -37.91 -40 37.64 -31.96
3 16 -40 45.65 -37.91 -40 96 20 -40 52.81 -44.87
3 16 -40 52.81 -44.87 -40 96 20 -40 58.98 -52.72
3 16 -40 96 20 -40 64.06 -61.31 -40 58.98 -52.72
3 16 -40 64.06 -61.31 -40 96 20 -40 67.96 -70.5
4 16 -40 96 -100 -40 70.61 -80.1 -40 67.96 -70.5 -40 96 20
3 16 -40 70.61 -80.1 -40 96 -100 -40 71.96 -90
3 16 -40 96 -100 -40 72 -100 -40 71.96 -90

4 16 40 0 20 40 96 20 -40 96 20 -40 0 20

4 16 -40 72 -100 -40 96 -100 40 96 -100 40 72 -100

1 16 0 0 0 0 0 1 0 1 0 -1 0 0 s\2301s01.dat