0 ~Train Track  9V Straight - Plastic Part
0 Name: 2865a.dat
0 Author: Max Martin Richter [MMR1988]
0 !LDRAW_ORG Part UPDATE 2025-02
0 !LICENSE Licensed under CC BY 4.0 : see CAreadme.txt

0 BFC CERTIFY CCW

0 !HISTORY 2024-06-08 [MMR1988] Rewritten from scratch, original by Holly-Wood
0 !HISTORY 2025-02-27 [OrionP] Official Update 2025-02

1 16 160 0 0 1 0 0 0 1 0 0 0 1 s\2865as01.dat
1 16 160 0 0 1 0 0 0 1 0 0 0 1 s\2865as11.dat

1 16 150 0 70 0 0 1 0 1 0 -1 0 0 stud.dat
1 16 150 0 0 0 0 1 0 1 0 -1 0 0 stug-1x4.dat
1 16 150 0 -70 0 0 1 0 1 0 -1 0 0 stud.dat

1 16 80 0 0 1 0 0 0 1 0 0 0 1 s\2865as02.dat

1 16 80 2.5 0 0 0 -1 0 -1.375 0 1 0 0 stug4-1x3.dat

4 16 88.5 2.5 -36 71.5 2.5 -36 71.5 2.5 36 88.5 2.5 36
4 16 100 0 -41 100 0 41 60 0 41 60 0 -41

1 16 0 0 0 1 0 0 0 1 0 0 0 1 s\2865as02.dat

1 16 0 2.5 -20 1 0 0 0 -1.375 0 0 0 1 stud4.dat
1 16 0 2.5 20 1 0 0 0 -1.375 0 0 0 1 stud4.dat

3 16 -8 2.5 -8 -8.5 2.5 -36 -8 2.5 0
4 16 -8 2.5 8 -8 2.5 0 -8.5 2.5 -36 -8.5 2.5 36
4 16 0 2.5 8 -8 2.5 8 -8.5 2.5 36 8.5 2.5 36
3 16 0 2.5 8 8.5 2.5 36 8 2.5 8
3 16 8 2.5 8 8.5 2.5 36 8 2.5 0
4 16 8 2.5 -8 8 2.5 0 8.5 2.5 36 8.5 2.5 -36
4 16 0 2.5 -8 8 2.5 -8 8.5 2.5 -36 -8.5 2.5 -36
3 16 0 2.5 -8 -8.5 2.5 -36 -8 2.5 -8

1 16 0 2.5 0 8 0 0 0 -1 0 0 0 8 4-4ndis.dat

1 16 0 8 0 4 0 0 0 -1 0 0 0 4 4-4ring1.dat
1 16 0 2.5 0 8 0 0 0 5.5 0 0 0 8 4-4cylo.dat
0 BFC INVERTNEXT
1 16 0 0 0 6 0 0 0 2 0 0 0 6 4-4cylo.dat
0 BFC INVERTNEXT
1 16 0 2 0 2 0 0 0 1 0 0 0 2 4-4con2.dat
0 BFC INVERTNEXT
1 16 0 3 0 4 0 0 0 5 0 0 0 4 4-4cylo.dat

1 16 0 0 0 6 0 0 0 1 0 0 0 6 4-4ndis.dat
3 16 6 0 6 20 0 41 0 0 6
3 16 -6 0 6 -20 0 41 -6 0 0
3 16 0 0 -6 -6 0 -6 -20 0 -41
3 16 6 0 0 6 0 -6 20 0 -41
4 16 0 0 6 20 0 41 -20 0 41 -6 0 6
4 16 -6 0 -6 -6 0 0 -20 0 41 -20 0 -41
4 16 6 0 -6 0 0 -6 -20 0 -41 20 0 -41
4 16 6 0 6 6 0 0 20 0 -41 20 0 41

1 16 -80 0 0 1 0 0 0 1 0 0 0 1 s\2865as02.dat

1 16 -80 2.5 0 0 0 -1 0 -1.375 0 1 0 0 stug4-1x3.dat

4 16 -71.5 2.5 36 -71.5 2.5 -36 -88.5 2.5 -36 -88.5 2.5 36
4 16 -60 0 41 -100 0 41 -100 0 -41 -60 0 -41

1 16 -160 0 0 -1 0 0 0 1 0 0 0 -1 s\2865as01.dat
1 16 -160 0 0 -1 0 0 0 1 0 0 0 -1 s\2865as11.dat

1 16 -150 0 70 0 0 1 0 1 0 -1 0 0 stud.dat
1 16 -150 0 0 0 0 1 0 1 0 -1 0 0 stug-1x4.dat
1 16 -150 0 -70 0 0 1 0 1 0 -1 0 0 stud.dat

1 16 0 0 50.5 1 0 0 0 1 0 0 0 1 s\2865as05.dat
1 16 0 0 -50.5 -1 0 0 0 1 0 0 0 -1 s\2865as05.dat

1 16 0 0 50.5 1 0 0 0 1 0 0 0 1 s\2865as06.dat
1 16 0 0 -50.5 1 0 0 0 1 0 0 0 1 s\2865as06.dat

1 16 0 0 50.5 -1 0 0 0 1 0 0 0 -1 s\2865as07.dat
1 16 0 0 50.5 -1 0 0 0 1 0 0 0 1 s\2865as08.dat

1 16 0 0 -50.5 -1 0 0 0 1 0 0 0 -1 s\2865as07.dat
1 16 0 0 -50.5 -1 0 0 0 1 0 0 0 -1 s\2865as08.dat
