0 Plate  4 x  3 x  0.667 with Rounded Corners on one Side
0 Name: 3263.dat
0 Author: Gerald Lasser [GeraldLasser]
0 !LDRAW_ORG Part UPDATE 2025-03
0 !LICENSE Licensed under CC BY 4.0 : see CAreadme.txt

0 BFC CERTIFY CCW

0 !HISTORY 2025-03-30 [OrionP] Official Update 2025-03

1 16 0 0 -10 1 0 0 0 1 0 0 0 1 s\79387s02.dat
1 16 0 0 -10 -1 0 0 0 1 0 0 0 1 s\79387s02.dat

0 // Centre Part
1 16 0 4 30 20 0 0 0 0 4 0 -1 0 rect2p.dat
1 16 0 6 28 20 0 0 0 2 0 0 0 -2 box2-7.dat
0 BFC INVERTNEXT
1 16 0 6 26 -20 0 0 0 0 -2 0 -12 0 box4-7a.dat
2 24 -20 4 26 20 4 26
1 16 0 4 20 1 0 0 0 -1 0 0 0 1 stud3.dat
1 16 -18 4 20 0 0 2 0 4 0 -1.5 0 0 box4-1.dat
1 16 18 4 20 0 0 -2 0 4 0 -1.5 0 0 box4-1.dat
0 BFC INVERTNEXT
1 16 0 12 12 20 0 0 0 -4 0 0 0 -2 box2-5.dat
1 16 0 14 8 20 0 0 0 2 0 0 0 -2 box2-11.dat
2 24 -20 12 6 20 12 6
4 16 -36 12 -26 -20 12 6 20 12 6 36 12 -26
0 BFC INVERTNEXT
1 16 0 14 10 0 0 36 -2 0 0 0 -36 0 box3u4a.dat
4 16 36 16 -26 40 16 -30 -40 16 -30 -36 16 -26

0 // Sides
3 16 -20 8 10 -20 16 10 -20 8 14
3 16 -20 8 14 -20 16 10 -20 8 26
1 16 -20 16 10 -4 0 0 0 -4 0 0 0 -4 1-4cylo.dat
1 16 -20 16 10 -4 0 0 0 -1 0 0 0 -4 1-4chrd.dat
1 16 -20 12 10 -4 0 0 0 -1 0 0 0 -4 1-4ndis.dat
1 16 -30 14 10 0 0 -6 -2 0 0 0 1 0 rect.dat
1 16 -30 12 8 -1.5 0 0 0 3.5 0 0 0 -2 box4-1.dat
4 16 -24 16 10 -24 16 14 -20 16 10 -20 16 6
4 16 -35.2046 16 14 -24 16 14 -24 16 10 -36 16 10
3 16 -35.2046 16 14 -36 16 10 -40 16 10
4 16 -36 12 10 -24 12 10 -24 12 6 -36 12 -26
3 16 -36 12 -26 -24 12 6 -20 12 6
4 16 -36 16 10 -36 16 -26 -40 16 -30 -40 16 10

3 16 20 16 10 20 8 10 20 8 14
3 16 20 16 10 20 8 14 20 8 26
1 16 20 16 10 4 0 0 0 -4 0 0 0 -4 1-4cylo.dat
1 16 20 16 10 4 0 0 0 -1 0 0 0 -4 1-4chrd.dat
1 16 20 12 10 4 0 0 0 -1 0 0 0 -4 1-4ndis.dat
1 16 30 14 10 0 0 6 -2 0 0 0 1 0 rect.dat
1 16 30 12 8 1.5 0 0 0 3.5 0 0 0 -2 box4-1.dat
4 16 20 16 10 24 16 14 24 16 10 20 16 6
4 16 24 16 10 24 16 14 35.2046 16 14 36 16 10
3 16 36 16 10 35.2046 16 14 40 16 10
4 16 24 12 6 24 12 10 36 12 10 36 12 -26
3 16 24 12 6 36 12 -26 20 12 6
4 16 40 16 -30 36 16 -26 36 16 10 40 16 10

0 // Outside and Studs
1 16 0 11 -10 40 0 0 0 -3 0 0 0 -20 box4-7a.dat
1 16 0 13.5 10 0 0 40 -2.5 0 0 0 -40 0 box3u7a.dat
1 16 0 4 10 0 0 -40 -4 0 0 0 1 0 rect.dat

4 16 20 0 30 -20 0 30 -40 0 10 40 0 10
1 16 0 0 20 -1 0 0 0 1 0 0 0 -1 stug-1x4.dat
1 16 30 0 20 6 0 0 0 -1 0 0 0 6 1-4chrd.dat
1 16 -30 0 20 0 0 -6 0 -1 0 6 0 0 1-4chrd.dat
1 16 0 8 0 -1 0 0 0 1 0 0 0 -1 stug-1x4.dat
1 16 0 8 -20 -1 0 0 0 1 0 0 0 -1 stug-1x4.dat

1 16 0 12 -10 1 0 0 0 -1 0 0 0 1 stug4-1x3.dat
