0 Duplo Feeding Trough  2 x  4 x  1 with Rounded Sides
0 Name: 4882.dat
0 Author: Gerald Lasser [GeraldLasser]
0 !LDRAW_ORG Part UPDATE 2025-03
0 !LICENSE Licensed under CC BY 4.0 : see CAreadme.txt

0 BFC CERTIFY CCW

0 !CATEGORY Container
0 !KEYWORDS animal, Cattle, Farm

0 !HISTORY 2025-03-30 [OrionP] Official Update 2025-03

4 16 -75 0 -17 -78 0 -20 -78 0 20 -75 0 17
4 16 75 0 17 -75 0 17 -78 0 20 78 0 20
4 16 75 0 -17 75 0 17 78 0 20 78 0 -20
4 16 75 0 -17 78 0 -20 -78 0 -20 -75 0 -17
1 16 0 0 0 78 0 0 0 -1 0 0 0 20 recte4.dat

0 BFC INVERTNEXT
1 16 0 0 0 75 0 0 0 -16 0 0 0 17 box5.dat

1 16 -73.5 -16 0 0 0 1.5 0 15.5 0 1.5 0 0 box4-1.dat
1 16 73.5 -16 0 0 0 -1.5 0 15.5 0 1.5 0 0 box4-1.dat
1 16 1.5 -8.25 0 0 6.5 0 0 0 7.75 1.5 0 0 box4-2p.dat
1 16 -1.5 -8.25 0 0 -6.5 0 0 0 7.75 1.5 0 0 box4-2p.dat
1 16 0 -16 9.25 0 0 1.5 0 15.5 0 -7.75 0 0 box3u5p.dat
1 16 0 -16 -9.25 0 0 1.5 0 15.5 0 7.75 0 0 box3u5p.dat
4 16 1.5 -.5 -1.5 -1.5 -.5 -1.5 -1.5 -.5 1.5 1.5 -.5 1.5
1 16 60 -16 -14.5 -1.5 0 0 0 15.5 0 0 0 2.5 box4-1.dat
1 16 20 -16 -14.5 -1.5 0 0 0 15.5 0 0 0 2.5 box4-1.dat
1 16 -20 -16 -14.5 -1.5 0 0 0 15.5 0 0 0 2.5 box4-1.dat
1 16 -60 -16 -14.5 -1.5 0 0 0 15.5 0 0 0 2.5 box4-1.dat
1 16 60 -16 14.5 -1.5 0 0 0 15.5 0 0 0 -2.5 box4-1.dat
1 16 20 -16 14.5 -1.5 0 0 0 15.5 0 0 0 -2.5 box4-1.dat
1 16 -20 -16 14.5 -1.5 0 0 0 15.5 0 0 0 -2.5 box4-1.dat
1 16 -60 -16 14.5 -1.5 0 0 0 15.5 0 0 0 -2.5 box4-1.dat

0 // Side
1 16 0 0 0 1 0 0 0 1 0 0 0 1 s\4882s01.dat
1 16 0 0 0 -1 0 0 0 1 0 0 0 1 s\4882s01.dat
1 16 0 0 0 1 0 0 0 1 0 0 0 -1 s\4882s01.dat
1 16 0 0 0 -1 0 0 0 1 0 0 0 -1 s\4882s01.dat

1 16 3 -42 -8 0 -6 0 0 0 29.22368 -32 0 0 48\1-6cylo.dat
4 16 -80 -48 -40 -3 -42 -40 3 -42 -40 80 -48 -40
4 16 78 0 -20 3 -15 -20 -3 -15 -20 -78 0 -20
4 16 3 -16.6923 -24 -3 -16.6923 -24 -3 -15 -20 3 -15 -20
2 24 -3 -15 -20 3 -15 -20
5 24 3 -16.6924 -24 -3 -16.6924 -24 -3 -18.814 -27.4816 -3 -15 -20
1 16 3 -42 8 0 -6 0 0 0 29.22368 32 0 0 48\1-6cylo.dat
4 16 3 -42 40 -3 -42 40 -80 -48 40 80 -48 40
4 16 -3 -15 20 3 -15 20 78 0 20 -78 0 20
4 16 -3 -15 20 -3 -16.6923 24 3 -16.6923 24 3 -15 20
2 24 3 -15 20 -3 -15 20
5 24 -3 -16.6924 24 3 -16.6924 24 -3 -18.814 27.4816 -3 -15 20

0 // Ends
4 16 78 0 20 78 -15 20 78 -15 -20 78 0 -20
4 16 78 -15 -20 78 -15 20 78 -42 40 78 -42 -40
1 16 79 -45 0 0 1 0 0 0 3 40 0 0 box2-5.dat
4 16 -78 0 -20 -78 -15 -20 -78 -15 20 -78 0 20
4 16 -78 -15 20 -78 -15 -20 -78 -42 -40 -78 -42 40
1 16 -79 -45 0 0 -1 0 0 0 3 -40 0 0 box2-5.dat

0 // Top
0 BFC INVERTNEXT
1 16 0 -48 0 76 0 0 0 6 0 0 0 36 box4o4a.dat
4 16 -80 -48 40 -80 -48 -40 -76 -48 -36 -76 -48 36
4 16 -80 -48 40 -76 -48 36 76 -48 36 80 -48 40
4 16 80 -48 -40 80 -48 40 76 -48 36 76 -48 -36
4 16 -80 -48 -40 80 -48 -40 76 -48 -36 -76 -48 -36
2 24 80 -48 -40 -80 -48 -40
2 24 -80 -48 40 80 -48 40
0 BFC INVERTNEXT
1 16 -76 -42 -8 0 152 0 0 0 25.22368 -28 0 0 48\3-16cylo.dat
0 BFC INVERTNEXT
1 16 -76 -42 8 0 152 0 0 0 25.22368 28 0 0 48\3-16cylo.dat
4 16 76 -42 36 76 -18.6958 18.7156 76 -18.6958 -18.7156 76 -42 -36
4 16 76 -18.6958 -18.7156 76 -18.6958 18.7156 -76 -18.6958 18.7156 -76 -18.6958 -18.7156
4 16 -76 -18.6958 -18.7156 -76 -18.6958 18.7156 -76 -42 36 -76 -42 -36
2 24 -76 -18.6958 18.7156 -76 -18.6958 -18.7156
2 24 -76 -18.6958 -18.7156 76 -18.6958 -18.7156
2 24 76 -18.6958 -18.7156 76 -18.6958 18.7156
2 24 76 -18.6958 18.7156 -76 -18.6958 18.7156
