0 Duplo Bathroom Sink
0 Name: 4892.dat
0 Author: Peter Blomberg [WUIt]
0 !LDRAW_ORG Part UPDATE 2025-03
0 !LICENSE Licensed under CC BY 4.0 : see CAreadme.txt

0 BFC CERTIFY CCW

0 !KEYWORDS Furniture

0 !HISTORY 2025-03-30 [OrionP] Official Update 2025-03

0 // top
1 16 0 0 0 1 0 0 0 2.75 0 0 0 1 stug7-1x2.dat
3 16 36 0 -20 40 0 -20 40 0 20
4 16 -36 0 -20 36 0 -20 40 0 20 -40 0 20
3 16 -36 0 -20 -40 0 20 -40 0 -20
1 16 0 0 -20 4 0 0 0 1 0 0 0 -4 48\2-4ring9.dat

0 // outside surfaces
1 16 0 36 20 40 0 0 0 0 36 0 -1 0 rect.dat
2 24 40 0 20 40 0 -20
2 24 -40 0 20 -40 0 -20
1 16 0 0 -20 40 0 0 0 7 0 0 0 -40 48\2-4cylo.dat
1 16 0 7 -20 38 0 0 0 1 0 0 0 -38 48\2-4edge.dat
1 16 0 7 -20 2 0 0 0 -1 0 0 0 -2 48\2-4ring19.dat
2 24 40 7 -20 38 7 -20
2 24 40 7 -20 40 72 -20
2 24 40 72 -20 40 72 20
2 24 -40 7 -20 -38 7 -20
2 24 -40 7 -20 -40 72 -20
2 24 -40 72 -20 -40 72 20
4 16 40 0 -20 40 7 -20 40 72 20 40 0 20
3 16 40 72 20 40 7 -20 40 72 -20
4 16 -40 72 20 -40 7 -20 -40 0 -20 -40 0 20
3 16 -40 7 -20 -40 72 20 -40 72 -20
1 16 0 7 -20 38 0 0 0 38 0 0 0 -38 48\2-8sphe.dat
1 16 0 7 -20 38 0 0 0 0 38 0 1 0 48\2-4edge.dat
0 BFC INVERTNEXT
1 16 0 72 -37.5 4 0 0 0 -36 0 0 0 -4 2-4cyli.dat
1 16 0 72 -37.5 8 0 0 0 -37 0 0 0 -8 2-4cyli.dat
1 16 0 7 -20 38 0 0 0 0 38 0 1 0 48\2-4ndis.dat
4 16 -8 72 -20 -8 72 -37.5 -8 35 -37.5 -8 44.0688 -20

0 // inside bowl
2 24 -36 0 -20 36 0 -20
2 24 -36 4 -20 -34 4 -20
2 24 36 4 -20 34 4 -20
2 24 36 4 -20 36 0 -20
2 24 -36 4 -20 -36 0 -20
3 16 -36 0 -20 -36 4 -20 -34 4 -20
3 16 36 4 -20 36 0 -20 34 4 -20
4 16 -36 0 -20 -34 4 -20 34 4 -20 36 0 -20
1 16 0 4 -20 34 0 0 0 0 34 0 1 0 48\2-4chrd.dat
1 16 0 4 -20 34 0 0 0 0 34 0 1 0 48\2-4edge.dat
0 BFC INVERTNEXT
1 16 0 0 -20 36 0 0 0 4 0 0 0 -36 48\2-4cylo.dat
1 16 0 4 -20 2 0 0 0 1 0 0 0 -2 48\2-4ring17.dat
1 16 0 4 -20 34 0 0 0 1 0 0 0 -34 48\2-4edge.dat
0 BFC INVERTNEXT
1 16 0 4 -20 34 0 0 0 34 0 0 0 -34 48\2-8sphe.dat

0 // underside box
0 BFC INVERTNEXT
1 16 0 72 0 36 0 0 0 -68 0 0 0 16 box5.dat

0 // notches
1 16 -20 4 -14 1.5 0 0 0 67 0 0 0 2 box4-1.dat
1 16 -34 4 0 0 0 2 0 67 0 1.5 0 0 box4-1.dat
1 16 34 4 0 0 0 -2 0 67 0 1.5 0 0 box4-1.dat
1 16 20 4 -14 1.5 0 0 0 67 0 0 0 2 box4-1.dat
1 16 20 4 14 1.5 0 0 0 67 0 0 0 -2 box4-1.dat
1 16 -20 4 14 1.5 0 0 0 67 0 0 0 -2 box4-1.dat
0 // underside reinforcement
1 16 0 4 -8.75 0 0 1.5 0 67 0 -7.25 0 0 box3u4p.dat
1 16 0 4 8.75 0 0 1.5 0 67 0 -7.25 0 0 box3u4p.dat
1 16 1.5 37.5 0 0 6.5 0 0 0 33.5 -1.5 0 0 box4-2p.dat
1 16 -1.5 37.5 0 0 -6.5 0 0 0 33.5 -1.5 0 0 box4-2p.dat
2 24 -1.5 71 -16 1.5 71 -16
2 24 -1.5 71 16 1.5 71 16
4 16 -1.5 71 -1.5 -1.5 71 1.5 1.5 71 1.5 1.5 71 -1.5

0 // bottom hem
2 24 8 72 -20 8 72 -37.5
2 24 -8 72 -20 -8 72 -37.5
2 24 4 72 -20 4 72 -37.5
2 24 -4 72 -20 -4 72 -37.5
2 24 -4 72 -20 4 72 -20
2 24 -8 72 -20 -40 72 -20
2 24 8 72 -20 40 72 -20
1 16 0 72 -37.5 4 0 0 0 1 0 0 0 -4 2-4edge.dat
1 16 0 72 -37.5 8 0 0 0 1 0 0 0 -8 2-4edge.dat
1 16 0 72 -37.5 4 0 0 0 -1 0 0 0 -4 2-4ring1.dat
4 16 -40 72 -20 -40 72 20 -36 72 16 -36 72 -16
4 16 36 72 16 -36 72 16 -40 72 20 40 72 20
4 16 36 72 16 40 72 20 40 72 -20 36 72 -16
4 16 -8 72 -20 -4 72 -20 -4 72 -37.5 -8 72 -37.5
4 16 4 72 -37.5 4 72 -20 8 72 -20 8 72 -37.5
4 16 -4 72 -20 -36 72 -16 36 72 -16 4 72 -20
3 16 8 72 -20 4 72 -20 36 72 -16
3 16 8 72 -20 36 72 -16 40 72 -20
3 16 -4 72 -20 -8 72 -20 -36 72 -16
3 16 -36 72 -16 -8 72 -20 -40 72 -20

0 // surfaces
4 16 4 44.7364 -20 4 72 -20 4 72 -37.5 4 36 -37.5
4 16 -4 72 -37.5 -4 72 -20 -4 44.7364 -20 -4 36 -37.5
4 16 40 7 -20 38 7 -20 38 45 -20 40 72 -20
4 16 38 45 -20 -38 45 -20 -40 72 -20 40 72 -20
4 16 -38 45 -20 -38 7 -20 -40 7 -20 -40 72 -20
4 16 8 35 -37.5 8 72 -37.5 8 72 -20 8 44.0688 -20

0 // edges
2 24 4 44.1448 -26.2837 4 44.3698 -25.1516
2 24 4 44.6732 -20.959 4 44.3698 -25.1516
2 24 4 44.6732 -20.959 4 44.7364 -20
2 24 -4 40.3105 -37.5 -4 40.8784 -36.4501
2 24 -3.6956 39.5137 -39.0308 -4 40.3105 -37.5
2 24 -3.6956 39.5137 -39.0308 -3.2732 39.2151 -39.6628
2 24 -2.8284 38.805 -40.3284 -1.5308 38.3257 -41.1956
2 24 -1.5308 38.3257 -41.1956 0 38.2398 -41.5
2 24 -2.8284 38.805 -40.3284 -3.2732 39.2151 -39.6628
2 24 -4 41.5179 -35.1545 -4 40.8784 -36.4501
2 24 -4 42.8702 -31.4861 -4 41.5179 -35.1545
2 24 -4 44.1448 -26.2837 -4 43.2939 -30.2364
2 24 -4 42.8702 -31.4861 -4 43.2939 -30.2364
2 24 -4 44.1448 -26.2837 -4 44.3698 -25.1516
2 24 -4 44.3698 -25.1516 -4 44.6732 -20.959
2 24 -4 44.7364 -20 -4 44.6732 -20.959
2 24 4 40.8784 -36.4501 4 40.3105 -37.5
2 24 3.6956 39.5137 -39.0308 3.2732 39.2151 -39.6628
2 24 4 40.3105 -37.5 3.6956 39.5137 -39.0308
2 24 2.8284 38.805 -40.3284 3.2732 39.2151 -39.6628
2 24 1.5308 38.3257 -41.1956 0 38.2398 -41.5
2 24 2.8284 38.805 -40.3284 1.5308 38.3257 -41.1956
2 24 4 41.5179 -35.1545 4 40.8784 -36.4501
2 24 4 42.8702 -31.4861 4 41.5179 -35.1545
2 24 4 44.1448 -26.2837 4 43.2939 -30.2364
2 24 4 43.2939 -30.2364 4 42.8702 -31.4861
2 24 4 72 -20 4 44.7364 -20
2 24 -4 72 -20 -4 44.7364 -20
2 24 -4.1826 35.9107 -44.142 -3.0616 35.3478 -44.8912
2 24 0 35.0724 -45.5 -3.0616 35.3478 -44.8912
2 24 -7.4155 38.0394 -40.4392 -7.3912 37.9552 -40.5616
2 24 -5.8249 36.641 -42.9052 -7.3912 37.9552 -40.5616
2 24 -5.6568 36.4731 -43.1568 -4.1826 35.9107 -44.142
2 24 -5.8249 36.641 -42.9052 -5.6568 36.4731 -43.1568
2 24 -7.7573 38.979 -38.7205 -7.4155 38.0394 -40.4392
2 24 -7.7573 38.979 -38.7205 -8 39.5747 -37.5
2 24 5.8249 36.641 -42.9052 7.3912 37.9552 -40.5616
2 24 7.4155 38.0394 -40.4392 7.3912 37.9552 -40.5616
2 24 7.7573 38.979 -38.7205 7.4155 38.0394 -40.4392
2 24 0 35.0724 -45.5 3.0616 35.3478 -44.8912
2 24 3.0616 35.3478 -44.8912 4.1826 35.9107 -44.142
2 24 5.8249 36.641 -42.9052 5.6568 36.4731 -43.1568
2 24 4.1826 35.9107 -44.142 5.6568 36.4731 -43.1568
2 24 8 40.5311 -35.7178 8 41.4903 -33.3599
2 24 8 40.5311 -35.7178 8 39.5747 -37.5
2 24 7.7573 38.979 -38.7205 8 39.5747 -37.5
2 24 8 42.4891 -30.6124 8 41.4903 -33.3599
2 24 8 42.4891 -30.6124 8 43.1456 -27.827
2 24 8 43.9318 -22.0665 8 43.6671 -25.3369
2 24 8 43.1456 -27.827 8 43.6671 -25.3369
2 24 8 43.9318 -22.0665 8 44.0688 -20
2 24 -8 40.5311 -35.7178 -8 41.4903 -33.3599
2 24 -8 40.5311 -35.7178 -8 39.5747 -37.5
2 24 -8 42.4891 -30.6124 -8 41.4903 -33.3599
2 24 -8 42.4891 -30.6124 -8 43.1456 -27.827
2 24 -8 43.9318 -22.0665 -8 43.6671 -25.3369
2 24 -8 43.1456 -27.827 -8 43.6671 -25.3369
2 24 -8 43.9318 -22.0665 -8 44.0688 -20
2 24 8 72 -20 8 44.0688 -20
2 24 -8 72 -20 -8 44.0688 -20