0 Sticker  0.7 x  3.6 with "TOM 986" Connecticut License Plate on Black Background
0 Name: 6062886i.dat
0 Author: Evert-Jan Boer [ejboer]
0 !LDRAW_ORG Part UPDATE 2025-04
0 !LICENSE Licensed under CC BY 4.0 : see CAreadme.txt

0 BFC CERTIFY CCW

0 !KEYWORDS Mini Cooper, set 10242

0 !HISTORY 2025-04-27 [OrionP] Official Update 2025-04


1 0 0 -.25 0 1 0 0 0 1 0 0 0 1 s\6062886is01.dat

1 16 35.25 0 6.5 1 0 0 0 -1 0 0 0 1 1-4chrd.dat
1 16 35.25 0 -6.5 0 0 1 0 -1 0 -1 0 0 1-4chrd.dat
1 16 -35.25 0 -6.5 -1 0 0 0 -1 0 0 0 -1 1-4chrd.dat
1 16 -35.25 0 6.5 0 0 -1 0 -1 0 1 0 0 1-4chrd.dat
4 16 35.25 0 -7.5 -35.25 0 -7.5 -36.25 0 -6.5 36.25 0 -6.5
4 16 36.25 0 6.5 36.25 0 -6.5 -36.25 0 -6.5 -36.25 0 6.5
4 16 36.25 0 6.5 -36.25 0 6.5 -35.25 0 7.5 35.25 0 7.5

1 16 35.25 -.25 6.5 1 0 0 0 .25 0 0 0 1 1-4cyli.dat
1 16 -35.25 -.25 6.5 0 0 -1 0 .25 0 1 0 0 1-4cyli.dat
1 16 -35.25 -.25 -6.5 -1 0 0 0 .25 0 0 0 -1 1-4cyli.dat
1 16 35.25 -.25 -6.5 0 0 1 0 .25 0 -1 0 0 1-4cyli.dat
4 16 35.25 -.25 -7.5 -35.25 -.25 -7.5 -35.25 0 -7.5 35.25 0 -7.5
4 16 36.25 -.25 6.5 36.25 -.25 -6.5 36.25 0 -6.5 36.25 0 6.5
4 16 -35.25 -.25 7.5 35.25 -.25 7.5 35.25 0 7.5 -35.25 0 7.5
4 16 -36.25 -.25 -6.5 -36.25 -.25 6.5 -36.25 0 6.5 -36.25 0 -6.5
