0 Sticker  1.0 x  0.8 with Black Schaeffler and Michelin Logos on White Background
0 Name: 6148328bn.dat
0 Author: Massimo Maso [Sirio]
0 !LDRAW_ORG Part UPDATE 2025-03
0 !LICENSE Licensed under CC BY 4.0 : see CAreadme.txt

0 BFC CERTIFY CCW

0 !KEYWORDS 919, Bricklink 75876stk01, Brickowl 852010, Hybrid, Pit Lane
0 !KEYWORDS Porsche, Rebrickable 26357, set 75876, Speed Champions

0 !HISTORY 2025-03-30 [OrionP] Official Update 2025-03

0 // Logo primitives
1 0 0 -.25 7.85 .15 0 0 0 1 0 0 0 .15 logo-schaeffler-text.dat
1 15 0 -.25 7.85 .15 0 0 0 1 0 0 0 .15 logo-schaeffler-text-box.dat
1 15 0 -.25 -1.6 .5 0 0 0 1 0 0 0 .5 logo-michelin-man-running.dat
1 15 0 -.25 -1.6 .5 0 0 0 1 0 0 0 .5 logo-michelin-man-running-box.dat
0 // Primitives
1 16 -6.5 0 8.5 -1.5 0 0 0 -1 0 0 0 1.5 1-4chrd.dat
1 16 6.5 0 8.5 1.5 0 0 0 -1 0 0 0 1.5 1-4chrd.dat
1 16 0 -.25 0 0 0 8 0 .25 0 8.5 0 0 box3u12.dat
1 16 -6.5 0 -8.5 -1.5 0 0 0 -1 0 0 0 -1.5 1-4chrd.dat
1 16 6.5 0 -8.5 1.5 0 0 0 -1 0 0 0 -1.5 1-4chrd.dat
1 16 -6.5 0 8.5 -1.5 0 0 0 -.25 0 0 0 1.5 1-4cyli.dat
1 16 6.5 0 8.5 1.5 0 0 0 -.25 0 0 0 1.5 1-4cyli.dat
1 16 -6.5 0 -8.5 -1.5 0 0 0 -.25 0 0 0 -1.5 1-4cyli.dat
1 16 6.5 0 -8.5 1.5 0 0 0 -.25 0 0 0 -1.5 1-4cyli.dat
1 15 -6.5 -.25 8.5 -1.5 0 0 0 1 0 0 0 1.5 1-4chrd.dat
1 15 6.5 -.25 8.5 1.5 0 0 0 1 0 0 0 1.5 1-4chrd.dat
1 15 -6.5 -.25 -8.5 -1.5 0 0 0 1 0 0 0 -1.5 1-4chrd.dat
1 15 6.5 -.25 -8.5 1.5 0 0 0 1 0 0 0 -1.5 1-4chrd.dat
0 // Bottom faces
4 16 6.5 0 10 8 0 8.5 -8 0 8.5 -6.5 0 10
4 16 6.5 0 -10 -6.5 0 -10 -8 0 -8.5 8 0 -8.5
0 // Lateral faces
4 16 -6.5 0 10 -6.5 -.25 10 6.5 -.25 10 6.5 0 10
4 16 -6.5 0 -10 6.5 0 -10 6.5 -.25 -10 -6.5 -.25 -10
0 // Top faces
3 15 -6.5 -.25 10 -8 -.25 8.5 -6.675 -.25 8.6
3 15 -6.5 -.25 10 -6.675 -.25 8.6 -6.267 -.25 8.6
3 15 -6.5 -.25 10 -6.267 -.25 8.6 -4.83 -.25 8.6
4 15 -6.5 -.25 10 -4.83 -.25 8.6 0 -.25 8.6 6.5 -.25 10
3 15 6.5 -.25 10 0 -.25 8.6 6.675 -.25 8.6
3 15 6.5 -.25 10 6.675 -.25 8.6 8 -.25 8.5
3 15 -8 -.25 8.5 -6.675 -.25 8.192 -6.675 -.25 8.6
3 15 8 -.25 8.5 6.675 -.25 8.6 6.675 -.25 7.3325
3 15 8 -.25 8.5 6.675 -.25 7.3325 6.675 -.25 7.1375
3 15 -5 -.25 5.4 -6.0555 -.25 7.1 -6.675 -.25 7.1
3 15 -5 -.25 5.4 -4.83 -.25 7.1 -6.0555 -.25 7.1
4 15 -5 -.25 5.4 5 -.25 5.4 0 -.25 7.1 -4.83 -.25 7.1
3 15 5 -.25 5.4 6.675 -.25 7.1 0 -.25 7.1
4 15 -8 -.25 -8.5 -6.675 -.25 7.1 -6.675 -.25 8.192 -8 -.25 8.5
4 15 -8 -.25 -8.5 -5 -.25 -8.6 -5 -.25 5.4 -6.675 -.25 7.1
4 15 8 -.25 -8.5 8 -.25 8.5 6.675 -.25 7.1375 6.675 -.25 7.1
4 15 8 -.25 -8.5 6.675 -.25 7.1 5 -.25 5.4 5 -.25 -8.6
3 15 -6.5 -.25 -10 -5 -.25 -8.6 -8 -.25 -8.5
4 15 -6.5 -.25 -10 6.5 -.25 -10 5 -.25 -8.6 -5 -.25 -8.6
3 15 6.5 -.25 -10 8 -.25 -8.5 5 -.25 -8.6
