0 Sticker  0.8 x  0.8 with White Logo Mobil on Black Background
0 Name: 6221657f.dat
0 Author: Massimo Maso [Sirio]
0 !LDRAW_ORG Part UPDATE 2025-03
0 !LICENSE Licensed under CC BY 4.0 : see CAreadme.txt

0 BFC CERTIFY CCW

0 !KEYWORDS 919, Brendon Hartley, Earl Bamber, Hybrid, LMP, Motorsport, Porsche
0 !KEYWORDS Set 75887, Speed Champions, Team, Timo Bernhard

0 !HISTORY 2025-03-30 [OrionP] Official Update 2025-03

0 // Logo primitives
1 15 0 -.25 0 3.4 0 0 0 1 0 0 0 3.4 logo-mobil1-text.dat
1 0 0 -.25 0 3.4 0 0 0 1 0 0 0 3.4 logo-mobil1-text-box.dat
1 15 0 -.25 0 3.4 0 0 0 1 0 0 0 3.4 logo-mobil1-number.dat
1 0 0 -.25 0 3.4 0 0 0 1 0 0 0 3.4 logo-mobil1-number-box.dat
0 // Primitives
1 16 -6.5 0 6.5 -1.5 0 0 0 -1 0 0 0 1.5 1-4chrd.dat
1 16 6.5 0 6.5 1.5 0 0 0 -1 0 0 0 1.5 1-4chrd.dat
1 16 0 -.25 0 0 0 8 0 .25 0 6.5 0 0 box3u12.dat
1 16 -6.5 0 -6.5 -1.5 0 0 0 -1 0 0 0 -1.5 1-4chrd.dat
1 16 6.5 0 -6.5 1.5 0 0 0 -1 0 0 0 -1.5 1-4chrd.dat
1 16 -6.5 0 6.5 -1.5 0 0 0 -.25 0 0 0 1.5 1-4cyli.dat
1 16 6.5 0 6.5 1.5 0 0 0 -.25 0 0 0 1.5 1-4cyli.dat
1 16 -6.5 0 -6.5 -1.5 0 0 0 -.25 0 0 0 -1.5 1-4cyli.dat
1 16 6.5 0 -6.5 1.5 0 0 0 -.25 0 0 0 -1.5 1-4cyli.dat
1 0 -6.5 -.25 6.5 -1.5 0 0 0 1 0 0 0 1.5 1-4chrd.dat
1 0 6.5 -.25 6.5 1.5 0 0 0 1 0 0 0 1.5 1-4chrd.dat
1 0 -6.5 -.25 -6.5 -1.5 0 0 0 1 0 0 0 -1.5 1-4chrd.dat
1 0 6.5 -.25 -6.5 1.5 0 0 0 1 0 0 0 -1.5 1-4chrd.dat
0 // Bottom faces
4 16 6.5 0 8 8 0 6.5 -8 0 6.5 -6.5 0 8
4 16 6.5 0 -8 -6.5 0 -8 -8 0 -6.5 8 0 -6.5
0 // Lateral faces
4 16 -6.5 0 8 -6.5 -.25 8 6.5 -.25 8 6.5 0 8
4 16 -6.5 0 -8 6.5 0 -8 6.5 -.25 -8 -6.5 -.25 -8
0 // Top faces
0 // Black faces
3 0 -6.5 -.25 8 -5.576 -.25 1.411 -4.59 -.25 1.411
3 0 -6.5 -.25 8 -4.59 -.25 1.411 -3.706 -.25 1.411
3 0 -6.5 -.25 8 -3.706 -.25 1.411 -1.088 -.25 1.411
4 0 -6.5 -.25 8 -1.088 -.25 1.411 -.51 -.25 1.411 6.5 -.25 8
3 0 6.5 -.25 8 -.51 -.25 1.411 1.258 -.25 1.411
3 0 6.5 -.25 8 1.258 -.25 1.411 1.836 -.25 1.411
3 0 6.5 -.25 8 1.836 -.25 1.411 2.125 -.25 1.411
3 0 6.5 -.25 8 2.125 -.25 1.411 2.703 -.25 1.411
3 0 6.5 -.25 8 2.703 -.25 1.411 3.689 -.25 1.411
4 0 -8 -.25 6.5 -8 -.25 -6.5 -6.46 -.25 -1.411 -6.46 -.25 -1.343
3 0 -8 -.25 6.5 -6.46 -.25 -1.343 -6.46 -.25 1.411
4 0 -8 -.25 6.5 -6.46 -.25 1.411 -5.576 -.25 1.411 -6.5 -.25 8
4 0 8 -.25 6.5 6.5 -.25 8 3.689 -.25 1.411 6.46 -.25 1.411
3 0 8 -.25 6.5 6.46 -.25 1.411 6.46 -.25 -1.343
4 0 8 -.25 6.5 6.46 -.25 -1.343 6.46 -.25 -1.411 8 -.25 -6.5
4 0 -6.5 -.25 -8 -3.553 -.25 -1.411 -6.46 -.25 -1.411 -8 -.25 -6.5
3 0 -6.5 -.25 -8 -2.346 -.25 -1.411 -3.553 -.25 -1.411
3 0 -6.5 -.25 -8 -1.19 -.25 -1.411 -2.346 -.25 -1.411
3 0 -6.5 -.25 -8 .068 -.25 -1.411 -1.19 -.25 -1.411
4 0 -6.5 -.25 -8 6.5 -.25 -8 1.156 -.25 -1.411 .068 -.25 -1.411
4 0 6.5 -.25 -8 8 -.25 -6.5 6.46 -.25 -1.411 3.196 -.25 -1.411
3 0 6.5 -.25 -8 3.196 -.25 -1.411 1.9805 -.25 -1.411
3 0 6.5 -.25 -8 1.9805 -.25 -1.411 1.156 -.25 -1.411
