0 Sticker  0.8 x  1.8 with Red Logo Bugatti Pattern
0 Name: 6228775o.dat
0 Author: Gabriel Läufer [Dr.Bricktacular]
0 !LDRAW_ORG Part UPDATE 2025-04
0 !LICENSE Licensed under CC BY 4.0 : see CAreadme.txt

0 BFC CERTIFY CCW

0 !KEYWORDS Bricklink 42083stk01, Brickowl 885585, Bugatti Chiron, Lego Technic
0 !KEYWORDS Rebrickable 38973, set 42083

0 !HISTORY 2025-04-27 [OrionP] Official Update 2025-04

0 // Sticker-Bottom
1 16 17.0 0 -7.0 1 0 0 0 -1 0 0 0 -1 1-4chrd.dat
1 16 17.0 0 7.0 1 0 0 0 -1 0 0 0 1 1-4chrd.dat
1 16 -17.0 0 -7.0 -1 0 0 0 -1 0 0 0 -1 1-4chrd.dat
1 16 -17.0 0 7.0 -1 0 0 0 -1 0 0 0 1 1-4chrd.dat
4 16 18.0 0 7.0 18.0 0 -7.0 17.0 0 -8.0 17.0 0 8.0
4 16 -18.0 0 7.0 -17.0 0 8.0 -17.0 0 -8.0 -18.0 0 -7.0
4 16 17.0 0 8.0 17.0 0 -8.0 -17.0 0 -8.0 -17.0 0 8.0

0 // Sticker-Side
1 16 17.0 -0.25 -7.0 1 0 0 0 0.25 0 0 0 -1 1-4cyli.dat
1 16 17.0 -0.25 7.0 1 0 0 0 0.25 0 0 0 1 1-4cyli.dat
1 16 -17.0 -0.25 -7.0 -1 0 0 0 0.25 0 0 0 -1 1-4cyli.dat
1 16 -17.0 -0.25 7.0 -1 0 0 0 0.25 0 0 0 1 1-4cyli.dat
4 16 18.0 0 7.0 18.0 -0.25 7.0 18.0 -0.25 -7.0 18.0 0 -7.0
4 16 -18.0 0 7.0 -18.0 0 -7.0 -18.0 -0.25 -7.0 -18.0 -0.25 7.0
4 16 -17.0 0 8.0 -17.0 -0.25 8.0 17.0 -0.25 8.0 17.0 0 8.0
4 16 -17.0 0 -8.0 17.0 0 -8.0 17.0 -0.25 -8.0 -17.0 -0.25 -8.0

0 // Sticker-Front
1 16 0 -0.25 0 1.55 0 0 0 1 0 0 0 1.55 logo-bugatti-with-dots.dat
1 0 0 -0.25 0 1.55 0 0 0 1 0 0 0 1.55 logo-bugatti-box.dat
1 0 17 -0.25 7 1 0 0 0 1 0 0 0 1 1-4chrd.dat
1 0 17 -0.25 -7 1 0 0 0 1 0 0 0 -1 1-4chrd.dat
1 0 -17 -0.25 -7 -1 0 0 0 1 0 0 0 -1 1-4chrd.dat
1 0 -17 -0.25 7 -1 0 0 0 1 0 0 0 1 1-4chrd.dat
4 0 -18 -0.25 7 -18 -0.25 -7 -17 -0.25 -8 -17 -0.25 8
4 0 18 -0.25 -7 18 -0.25 7 17 -0.25 8 17 -0.25 -8
4 0 -17 -.25 8 -11.8575 -.25 6.00625 11.8575 -.25 6.00625 17 -.25 8
4 0 17 -.25 -8 17 -.25 8 11.8575 -.25 6.00625 11.8575 -.25 -6.00625
4 0 17 -.25 -8 11.8575 -.25 -6.00625 -11.8575 -.25 -6.00625 -17 -.25 -8
4 0 -11.8575 -.25 6.00625 -17 -.25 8 -17 -.25 -8 -11.8575 -.25 -6.00625