0 Sticker  1.9 x  0.8 with Blacktron I Logo
0 Name: 6429457c.dat
0 Author: Gabriel Läufer [Dr.Bricktacular]
0 !LDRAW_ORG Part UPDATE 2025-02
0 !LICENSE Licensed under CC BY 4.0 : see CAreadme.txt

0 BFC CERTIFY CCW

0 !KEYWORDS Blacktron Cruiser, Bricklink 40580stk01, Brickowl 402277
0 !KEYWORDS Rebrickable 10102362, Set 40580

0 !HISTORY 2025-02-27 [OrionP] Official Update 2025-02

0 // Sticker-Bottom
1 16 17.5 0 -6.5 1 0 0 0 -1 0 0 0 -1 1-4chrd.dat
1 16 17.5 0 6.5 1 0 0 0 -1 0 0 0 1 1-4chrd.dat
1 16 -17.5 0 -6.5 -1 0 0 0 -1 0 0 0 -1 1-4chrd.dat
1 16 -17.5 0 6.5 -1 0 0 0 -1 0 0 0 1 1-4chrd.dat
4 16 18.5 0 6.5 18.5 0 -6.5 17.5 0 -7.5 17.5 0 7.5
4 16 -18.5 0 6.5 -17.5 0 7.5 -17.5 0 -7.5 -18.5 0 -6.5
4 16 17.5 0 7.5 17.5 0 -7.5 -17.5 0 -7.5 -17.5 0 7.5

0 // Sticker-Side
1 16 17.5 -0.25 -6.5 1 0 0 0 0.25 0 0 0 -1 1-4cyli.dat
1 16 17.5 -0.25 6.5 1 0 0 0 0.25 0 0 0 1 1-4cyli.dat
1 16 -17.5 -0.25 -6.5 -1 0 0 0 0.25 0 0 0 -1 1-4cyli.dat
1 16 -17.5 -0.25 6.5 -1 0 0 0 0.25 0 0 0 1 1-4cyli.dat
4 16 18.5 0 6.5 18.5 -0.25 6.5 18.5 -0.25 -6.5 18.5 0 -6.5
4 16 -18.5 0 6.5 -18.5 0 -6.5 -18.5 -0.25 -6.5 -18.5 -0.25 6.5
4 16 -17.5 0 7.5 -17.5 -0.25 7.5 17.5 -0.25 7.5 17.5 0 7.5
4 16 -17.5 0 -7.5 17.5 0 -7.5 17.5 -0.25 -7.5 -17.5 -0.25 -7.5

0 // Sticker-Front
1 0 17.5 -0.25 6.5 1 0 0 0 1 0 0 0 1 1-4chrd.dat
1 0 17.5 -0.25 -6.5 1 0 0 0 1 0 0 0 -1 1-4chrd.dat
1 0 -17.5 -0.25 -6.5 -1 0 0 0 1 0 0 0 -1 1-4chrd.dat
1 0 -17.5 -0.25 6.5 -1 0 0 0 1 0 0 0 1 1-4chrd.dat
3 0 0 -0.25 6.3 -3.2 -0.25 0 3.2 -0.25 0
3 14 0 -0.25 6.3 -6.3 -0.25 6.3 -3.2 -0.25 0
3 14 6.3 -0.25 6.3 0 -0.25 6.3 3.2 -0.25 0
3 14 3.2 -0.25 0 -3.2 -0.25 0 0 -0.25 -6.3
4 0 -17.5 -0.25 7.5 -18.5 -0.25 6.5 -6.3 -0.25 6.3 0 -0.25 6.3
4 0 17.5 -0.25 7.5 -17.5 -0.25 7.5 0 -0.25 6.3 6.3 -0.25 6.3
4 0 18.5 -0.25 6.5 17.5 -0.25 7.5 6.3 -0.25 6.3 3.2 -0.25 0
4 0 18.5 -0.25 -6.5 18.5 -0.25 6.5 0 -0.25 -6.3 17.5 -0.25 -7.5
4 0 -17.5 -0.25 -7.5 17.5 -0.25 -7.5 0 -0.25 -6.3 -18.5 -0.25 -6.5
4 0 -18.5 -0.25 6.5 -18.5 -0.25 -6.5 0 -0.25 -6.3 -3.2 -0.25 0
3 0 -18.5 -0.25 6.5 -3.2 -0.25 0 -6.3 -0.25 6.3
3 0 18.5 -0.25 6.5 3.2 -0.25 0 0 -0.25 -6.3
