0 Duplo Support  2 x  2 x  6 with Drawer Slots on Two Sides
0 Name: 6462.dat
0 Author: Gerald Lasser [GeraldLasser]
0 !LDRAW_ORG Part UPDATE 2025-03
0 !LICENSE Licensed under CC BY 4.0 : see CAreadme.txt

0 !HELP put drawers at the following positions
0 !HELP 1 47 0 4 0 1 0 0 0 1 0 0 0 1 6471.dat
0 !HELP 1 47 0 68 0 1 0 0 0 1 0 0 0 1 6471.dat
0 !HELP 1 47 0 136 0 0 0 -1 0 1 0 1 0 0 6471.dat
0 !HELP 1 47 0 200 0 0 0 -1 0 1 0 1 0 0 6471.dat

0 BFC CERTIFY CCW

0 !CATEGORY Support
0 !KEYWORDS cupboard, Furniture, Wall

0 !HISTORY 2025-03-30 [OrionP] Official Update 2025-03

4 16 40 288 40 36 288 36 -36 288 36 -40 288 40
4 16 40 288 -40 -40 288 -40 -36 288 -36 36 288 -36
4 16 40 288 -40 36 288 -36 36 288 36 40 288 40
4 16 -40 288 -40 -40 288 40 -36 288 36 -36 288 -36
1 16 0 288 0 0 0 -40 0 1 0 40 0 0 recte4.dat
0 BFC INVERTNEXT
1 16 0 288 0 0 0 -36 0 -20 0 36 0 0 box5.dat
1 16 34 268 -20 0 0 -2 0 19.5 0 1.5 0 0 box4-1.dat
1 16 34 268 20 0 0 -2 0 19.5 0 1.5 0 0 box4-1.dat
1 16 -34 268 -20 0 0 2 0 19.5 0 1.5 0 0 box4-1.dat
1 16 -34 268 20 0 0 2 0 19.5 0 1.5 0 0 box4-1.dat
1 16 20 268 34 -1.5 0 0 0 19.5 0 0 0 -2 box4-1.dat
1 16 -20 268 34 -1.5 0 0 0 19.5 0 0 0 -2 box4-1.dat
1 16 20 268 -34 -1.5 0 0 0 19.5 0 0 0 2 box4-1.dat
1 16 -20 268 -34 -1.5 0 0 0 19.5 0 0 0 2 box4-1.dat
1 16 0 268 0 0 0 -1 0 -5 0 1 0 0 stud8.dat

0 // Column
4 16 40 288 40 40 264 36 40 264 -36 40 288 -40
4 16 40 4 -36 40 4 36 40 0 40 40 0 -40
3 16 40 136 36 40 264 36 40 288 40
4 16 40 0 40 40 132 36 40 136 36 40 288 40
3 16 40 4 36 40 132 36 40 0 40
3 16 40 132 -36 40 4 -36 40 0 -40
4 16 40 288 -40 40 136 -36 40 132 -36 40 0 -40
3 16 40 264 -36 40 136 -36 40 288 -40
4 16 40 132 -36 40 136 -36 40 136 36 40 132 36
0 BFC INVERTNEXT
1 16 40 68 0 0 -1 0 -64 0 0 0 0 36 box5.dat
0 BFC INVERTNEXT
1 16 40 200 0 0 -76 0 -64 0 0 0 0 36 box5.dat

4 16 40 288 -40 36 264 -40 -36 264 -40 -40 288 -40
3 16 36 136 -40 36 264 -40 40 288 -40
4 16 40 0 -40 36 132 -40 36 136 -40 40 288 -40
3 16 36 4 -40 36 132 -40 40 0 -40
4 16 -36 4 -40 36 4 -40 40 0 -40 -40 0 -40
3 16 -36 132 -40 -36 4 -40 -40 0 -40
4 16 -40 288 -40 -36 136 -40 -36 132 -40 -40 0 -40
3 16 -36 264 -40 -36 136 -40 -40 288 -40
4 16 -36 132 -40 -36 136 -40 36 136 -40 36 132 -40
0 BFC INVERTNEXT
1 16 0 200 -40 0 0 36 -64 0 0 0 1 0 box5.dat
0 BFC INVERTNEXT
1 16 0 68 -40 0 0 36 -64 0 0 0 76 0 box5.dat

4 16 -40 288 -40 -40 264 -36 -40 264 36 -40 288 40
4 16 -40 264 -36 -40 288 -40 -40 0 -40 -40 4 -36
4 16 -40 4 36 -40 4 -36 -40 0 -40 -40 0 40
4 16 -40 4 36 -40 0 40 -40 288 40 -40 264 36
0 BFC INVERTNEXT
1 16 -40 134 0 0 1 0 -130 0 0 0 0 -36 box5.dat

4 16 -40 288 40 -36 264 40 36 264 40 40 288 40
4 16 -36 264 40 -40 288 40 -40 0 40 -36 4 40
4 16 36 4 40 -36 4 40 -40 0 40 40 0 40
4 16 36 4 40 40 0 40 40 288 40 36 264 40
0 BFC INVERTNEXT
1 16 0 134 40 0 0 -36 -130 0 0 0 -1 0 box5.dat

2 24 -40 0 40 -40 288 40
2 24 40 288 40 40 0 40
2 24 40 0 -40 40 288 -40
2 24 -40 288 -40 -40 0 -40

1 16 0 0 0 0 0 -40 0 1 0 40 0 0 rect.dat
1 16 0 0 0 0 0 -1 0 2.75 0 1 0 0 stug7-2x2.dat
0 //

1 16 30 230.5 36 4 0 0 0 3 0 0 0 -2 tri3u3.dat
1 16 -3 232 36 33 0 0 0 0 -1.5 0 -2 0 box3u5p.dat
1 16 30 166.5 36 4 0 0 0 3 0 0 0 -2 tri3u3.dat
1 16 -3 168 36 33 0 0 0 0 -1.5 0 -2 0 box3u5p.dat
1 16 30 230.5 -36 4 0 0 0 3 0 0 0 2 tri3u3.dat
1 16 -3 232 -36 33 0 0 0 0 -1.5 0 2 0 box3u5p.dat
1 16 30 166.5 -36 4 0 0 0 3 0 0 0 2 tri3u3.dat
1 16 -3 168 -36 33 0 0 0 0 -1.5 0 2 0 box3u5p.dat

1 16 36 98.5 -30 0 0 -2 0 3 0 -4 0 0 tri3u3.dat
1 16 36 100 3 0 -2 0 0 0 -1.5 -33 0 0 box3u5p.dat
1 16 36 34.5 -30 0 0 -2 0 3 0 -4 0 0 tri3u3.dat
1 16 36 36 3 0 -2 0 0 0 -1.5 -33 0 0 box3u5p.dat
1 16 -36 98.5 -30 0 0 2 0 3 0 -4 0 0 tri3u3.dat
1 16 -36 100 3 0 2 0 0 0 -1.5 -33 0 0 box3u5p.dat
1 16 -36 34.5 -30 0 0 2 0 3 0 -4 0 0 tri3u3.dat
1 16 -36 36 3 0 2 0 0 0 -1.5 -33 0 0 box3u5p.dat
