0 Technic Frame  5 x  3 Engine Holder
0 Name: 6614.dat
0 Author: Gerald Lasser [GeraldLasser]
0 !LDRAW_ORG Part UPDATE 2025-03
0 !LICENSE Licensed under CC BY 4.0 : see CAreadme.txt

0 BFC CERTIFY CCW

0 !HISTORY 2025-03-01 {LEGO Instructions App} Original part shape
0 !HISTORY 2025-03-01 [GeraldLasser] File preparation for LDraw Parts Tracker
0 !HISTORY 2025-03-30 [OrionP] Official Update 2025-03

1 16 0 -9 0 -20 0 0 0 1 0 0 0 -10 rect2p.dat
4 16 21.27278 -8.90946 10 20 -9 10 20 -9 -10 21.27278 -8.90946 -10
4 16 -21.27278 -8.90946 -10 -20 -9 -10 -20 -9 10 -21.27278 -8.90946 10
2 24 -20 -9 -10 -21.2728 -8.9095 -10
2 24 -21.2728 -8.9095 10 -20 -9 10
2 24 20 -9 10 21.27278 -8.90946 10
2 24 20 -9 -10 21.27278 -8.90946 -10
5 24 20 -9 -10 20 -9 10 21.27278 -8.90946 10 -20 -9 10
5 24 21.27278 -8.90946 -10 21.27278 -8.90946 10 20 -9 -10 24.5855 -7.7445 -10
5 24 -20 -9 10 -20 -9 -10 -21.27278 -8.90946 10 20 -9 10
5 24 -21.27278 -8.90946 10 -21.27278 -8.90946 -10 -20 -9 -10 -24.5855 -7.7445 -10

1 16 0 0 0 -1 0 0 0 1 0 0 0 1 s\6614s02.dat
1 16 0 0 0 -1 0 0 0 1 0 0 0 -1 s\6614s02.dat
1 16 0 0 0 1 0 0 0 1 0 0 0 -1 s\6614s02.dat
1 16 0 0 0 1 0 0 0 1 0 0 0 1 s\6614s02.dat
1 16 0 0 0 0 0 1 1 0 0 0 1 0 connhole.dat
1 16 0 9 0 0 0 -15.5 0 -1 0 -10 0 0 rect.dat

1 16 -20 0 0 .6 .8 0 -.8 .6 0 0 0 1 s\6614s01.dat
1 16 20 0 0 -.6 -.8 0 -.8 .6 0 0 0 1 s\6614s01.dat
1 16 26.15 23.2 0 -10.65 0 0 -14.2 -1 0 0 0 10 rect2p.dat
1 16 -26.15 23.2 0 10.65 0 0 -14.2 -1 0 0 0 -10 rect2p.dat

1 16 0 40 0 0 0 1 1 0 0 0 1 0 32523.dat
4 16 -20 31 5 -32 31 5 -32 31 -5 -20 31 -5
4 16 32 31 5 20 31 5 20 31 -5 32 31 -5
4 16 42.7272 40.9095 -5 28.8192 40.9095 -5 28.8192 40.9095 5 42.7272 40.9095 5
4 16 -28.8192 40.9095 5 -28.8192 40.9095 -5 -42.7272 40.9095 -5 -42.7272 40.9095 5
2 24 -28.8192 40.9095 -5 -28.8192 40.9095 5
2 24 28.8192 40.9095 5 28.8192 40.9095 -5
2 24 32 31 -5 32 31 5
2 24 -32 31 -5 -32 31 5