0 Window  1 x  3 x  2 Frame
0 Name: 6798.dat
0 Author: Gerald Lasser [GeraldLasser]
0 !LDRAW_ORG Part UPDATE 2025-01
0 !LICENSE Licensed under CC BY 4.0 : see CAreadme.txt

0 BFC CERTIFY CCW

0 !HISTORY 2025-01-10 [GeraldLasser] added oriented corner studs
0 !HISTORY 2025-01-20 [OrionP] Official Update 2025-01

0 // Sill
1 16 0 44 0 1 0 0 0 -1 0 0 0 1 stug3-1x2.dat
4 16 -30 48 -10 -26 48 -6 26 48 -6 30 48 -10
4 16 -30 48 10 30 48 10 19.5 48 7.5 -19.5 48 7.5
4 16 19.7192 48 6 -19.7192 48 6 -19.5 48 7.5 19.5 48 7.5
2 24 19.7192 44 6 -19.7192 44 6
2 24 -19.7192 48 6 19.7192 48 6
4 16 -19.7192 44 6 -19.7192 48 6 19.7192 48 6 19.7192 44 6
2 24 26 40 10 -26 40 10

0 BFC INVERTNEXT
1 16 0 46 6 0 0 -26 -2 0 0 0 -12 0 box3u2p.dat
1 16 22 40 0 1 0 0 0 1 0 0 0 1 s\42205s02.dat
1 16 -22 40 0 -1 0 0 0 1 0 0 0 1 s\42205s02.dat
4 16 -19.5 44 2.5 19.5 44 2.5 26 44 -6 -26 44 -6
4 16 19.6903 44 5.9568 -19.6903 44 5.9567 -19.7192 44 6 19.7192 44 6
4 16 -19.6903 44 5.9567 19.6903 44 5.9568 19.5 44 5 -19.5 44 5
4 16 -19.5 44 2.5 -19.5 44 5 19.5 44 5 19.5 44 2.5
2 24 -30 48 10 30 48 10
2 24 30 48 -10 -30 48 -10

4 16 -26 40 10 26 40 10 30 48 10 -30 48 10
4 16 24 40 -10 -24 40 -10 -30 48 -10 30 48 -10
4 16 24 40 1 19.5 40 2.5 -19.5 40 2.5 -24 40 1
4 16 -26 40 10 -19.5 40 7.5 19.5 40 7.5 26 40 10
4 16 -19.5 40 2.5 19.5 40 2.5 19.5 40 5 -19.5 40 5
4 16 -19.5 40 7.5 -19.5 40 5 19.5 40 5 19.5 40 7.5
4 16 -24 40 -10 24 40 -10 24 40 1 -24 40 1
2 24 -24 40 -10 24 40 -10

0 // Side Left
1 16 -24 23 -4.5 0 -1 0 0 0 17 -5.5 0 0 rect.dat
4 16 -26 4 1 -24 6 1 -24 40 1 -26 40 1
1 16 -26 22 5.5 0 -1 0 0 0 18 -4.5 0 0 rect.dat
4 16 -30 48 -10 -24 40 -10 -24 6 -10 -30 0 -10
4 16 -30 0 10 -26 4 10 -26 40 10 -30 48 10
1 16 -30 24 0 0 1 0 0 0 24 -10 0 0 rect.dat

0 // Side Right
1 16 24 23 -4.5 0 1 0 0 0 17 -5.5 0 0 rect.dat
4 16 24 40 1 24 6 1 26 4 1 26 40 1
1 16 26 22 5.5 0 1 0 0 0 18 -4.5 0 0 rect.dat
4 16 24 6 -10 24 40 -10 30 48 -10 30 0 -10
4 16 26 40 10 26 4 10 30 0 10 30 48 10
1 16 30 24 0 0 -1 0 0 0 24 -10 0 0 rect.dat

0 // Top
1 16 0 6 -4.5 -24 0 0 0 -1 0 0 0 5.5 rect2p.dat
4 16 26 4 1 24 6 1 -24 6 1 -26 4 1
2 24 -26 4 1 26 4 1
4 16 26 4 10 19.5 4 7.5 -19.5 4 7.5 -26 4 10
4 16 -19.5 4 2.5 19.5 4 2.5 26 4 1 -26 4 1
4 16 19.5 4 2.5 -19.5 4 2.5 -19.5 4 5 19.5 4 5
4 16 19.5 4 7.5 19.5 4 5 -19.5 4 5 -19.5 4 7.5
2 24 26 4 10 -26 4 10
1 16 20 0 0 1 0 0 0 1 0 0 0 1 s\42205s01.dat
1 16 -20 0 0 -1 0 0 0 1 0 0 0 1 s\42205s01.dat

4 16 26 4 10 -26 4 10 -30 0 10 30 0 10
4 16 24 6 -10 30 0 -10 -30 0 -10 -24 6 -10
2 24 30 0 -10 -30 0 -10
2 24 -30 0 10 30 0 10
4 16 -19.5 0 7.5 -14 0 6 14 0 6 19.5 0 7.5
4 16 -14 0 0 14 0 0 14 0 6 -14 0 6
4 16 14 0 0 -14 0 0 -14 0 -6 14 0 -6
4 16 30 0 -10 14 0 -6 -14 0 -6 -30 0 -10
4 16 -19.5 0 7.5 19.5 0 7.5 30 0 10 -30 0 10

1 16 0 0 0 1 0 0 0 1 0 0 0 1 stud2.dat
1 16 20 0 0 1 0 0 0 1 0 0 0 1 studhr.dat
1 16 -20 0 0 1 0 0 0 1 0 0 0 1 studhl.dat
