0 Duplo Brick  2 x  4 x  2 Roof with Angled Sides
0 Name: 70683.dat
0 Author: Philippe Hurbain [Philo]
0 !LDRAW_ORG Part UPDATE 2025-03
0 !LICENSE Licensed under CC BY 4.0 : see CAreadme.txt

0 BFC CERTIFY CCW

0 !CATEGORY Slope

0 !HISTORY 2025-03-30 [OrionP] Official Update 2025-03

1 16 0 -12 80 0 0 -40 12 0 0 0 -1 0 rect.dat
1 16 0 -11 76 0 0 -36 11 0 0 0 1 0 rect.dat
4 16 36 0 76 -36 0 76 -40 0 80 40 0 80
1 16 0 -81.655 0 1 0 0 0 -18.91375 0 0 0 1 stud8a.dat
1 16 0 -56.7924 -40 -1 0 0 0 -12.6981 0 0 0 -1 stud8a.dat
0 BFC INVERTNEXT
1 16 0 -58.0354 -40 0 0 -14 0 -8.702 0 -14 0 0 4-4cyls.dat
1 16 0 -56.7924 -40 0 0 -16 0 -9.945 0 -16 0 0 4-4cyls.dat
1 16 0 -66.7374 -40 0 0 -14 -8.702 1 0 14 0 0 7-16edge.dat
1 16 0 -66.7374 -40 0 0 -16 -9.945 1 0 16 0 0 3-8edge.dat
1 16 0 -66.7374 -40 0 0 14 -8.702 1 0 14 0 0 7-16edge.dat
1 16 0 -66.7374 -40 0 0 16 -9.945 1 0 16 0 0 3-8edge.dat
0 BFC INVERTNEXT
1 16 0 -58.0354 -40 -14 0 0 0 1.243 0 0 0 -14 4-4cyli.dat
0 BFC INVERTNEXT
1 16 0 -81.655 0 0 0 14 0 -1.243 0 14 0 0 4-4cyli.dat
1 16 0 -12 -80 0 0 -40 12 0 0 0 1 0 rect.dat
1 16 0 -11 -76 0 0 -36 11 0 0 0 -1 0 rect.dat
4 16 -40 0 -80 -36 0 -76 36 0 -76 40 0 -80
1 16 36 -11 0 0 1 0 11 0 0 0 0 -76 rect1.dat
4 16 36 0 -76 36 0 76 40 0 80 40 0 -80
1 16 -36 -11 0 0 -1 0 11 0 0 0 0 76 rect1.dat
4 16 -40 0 80 -36 0 76 -36 0 -76 -40 0 -80
1 16 -40 -12 0 0 1 0 12 0 0 0 0 -80 rect1.dat
2 24 -15.7017 -21 -1.5 -16 -21 0
2 24 -16 -21 0 -15.7017 -21 1.5
1 16 -25.8509 -21 0 0 0 -10.14915 0 -1 0 -1.5 0 0 rect3.dat
1 16 0 -53 20 0 0 -1.5 0 -1 0 -4.2983 0 0 rect2p.dat
2 24 1.5 -53 24.2983 0 -53 24
2 24 -1.5 -53 24.2983 0 -53 24
2 24 1.5 -81.8403 15.7017 1.5 -76.4969 24.2983
2 24 1.5 -53 24.2983 1.5 -76.4969 24.2983
2 24 1.5 -53 15.7017 1.5 -81.8403 15.7017
4 16 1.5 -53 15.7017 1.5 -53 24.2983 1.5 -76.4969 24.2983 1.5 -81.8403 15.7017
2 24 -1.5 -81.8403 15.7017 -1.5 -76.4969 24.2983
2 24 -1.5 -53 24.2983 -1.5 -76.4969 24.2983
2 24 -1.5 -53 15.7017 -1.5 -81.8403 15.7017
4 16 -1.5 -76.4969 24.2983 -1.5 -53 24.2983 -1.5 -53 15.7017 -1.5 -81.8403 15.7017
1 16 40 -12 0 0 -1 0 12 0 0 0 0 80 rect1.dat
2 24 21.5 -1 76 21.5 -22 76
2 24 18.5 -22 76 18.5 -1 76
4 16 32 -1 18.5 32 -80.101 18.5 32 -78.2363 21.5 32 -1 21.5
1 16 20 -14.532 72 1.5 0 0 0 0 -13.532 0 1 0 rect.dat
1 16 34 -40.5505 18.5 2 0 0 0 0 -39.5505 0 1 0 rect3.dat
1 16 34 -39.61815 21.5 -2 0 0 0 0 -38.61815 0 -1 0 rect3.dat
1 16 34 -24.765 58.5 2 0 0 0 0 -23.765 0 1 0 rect3.dat
1 16 34 -22.491 61.5 -2 0 0 0 0 -21.491 0 -1 0 rect3.dat
1 16 34 -24.765 -58.5 -2 0 0 0 0 -23.765 0 -1 0 rect3.dat
1 16 34 -22.491 -61.5 2 0 0 0 0 -21.491 0 1 0 rect3.dat
1 16 -34 -24.765 58.5 2 0 0 0 0 -23.765 0 1 0 rect3.dat
1 16 -34 -22.491 61.5 -2 0 0 0 0 -21.491 0 -1 0 rect3.dat
1 16 -34 -24.765 -58.5 -2 0 0 0 0 -23.765 0 -1 0 rect3.dat
1 16 -34 -22.491 -61.5 2 0 0 0 0 -21.491 0 1 0 rect3.dat
1 16 20 -1 74 -1.5 0 0 0 -1 0 0 0 2 rect3.dat
4 16 32 -1 58.5 32 -48.53 58.5 32 -43.982 61.5 32 -1 61.5
4 16 21.5 -1 76 21.5 -22 76 21.5 -28.064 72 21.5 -1 72
4 16 18.5 -22 76 18.5 -1 76 18.5 -1 72 18.5 -28.064 72
2 24 32 -43.982 61.5 32 -48.53 58.5
2 24 21.5 -28.064 72 21.5 -22 76
2 24 18.5 -28.064 72 18.5 -22 76
2 24 32 -80.101 18.5 32 -78.2363 21.5
1 16 34 -1 20 0 0 -2 0 -1 0 -1.5 0 0 rect.dat
1 16 34 -1 60 0 0 -2 0 -1 0 -1.5 0 0 rect.dat
0 BFC INVERTNEXT
1 16 0 -82.898 0 0 0 14 0 -8.702 0 14 0 0 1-4cyls.dat
1 16 0 -81.655 0 0 0 16 0 -9.945 0 16 0 0 1-4cyls.dat
1 16 0 -91.6 0 0 0 14 8.702 1 0 14 0 0 1-4edge.dat
1 16 0 -91.6 0 0 0 16 9.945 1 0 16 0 0 1-4edge.dat
2 24 0 -81.6549 16 6.1232 -82.4117 14.7824
2 24 -21.5 -22 76 -21.5 -1 76
2 24 -18.5 -1 76 -18.5 -22 76
4 16 -32 -78.2363 21.5 -32 -80.101 18.5 -32 -1 18.5 -32 -1 21.5
1 16 -20 -14.532 72 0 0 1.5 13.532 0 0 0 1 0 rect.dat
1 16 -34 -40.5505 18.5 2 0 0 0 0 -39.5505 0 1 0 rect3.dat
1 16 -34 -39.61815 21.5 -2 0 0 0 0 -38.61815 0 -1 0 rect3.dat
1 16 -20 -1 74 -1.5 0 0 0 -1 0 0 0 2 rect3.dat
4 16 -32 -43.982 61.5 -32 -48.53 58.5 -32 -1 58.5 -32 -1 61.5
4 16 -21.5 -28.064 72 -21.5 -22 76 -21.5 -1 76 -21.5 -1 72
4 16 -18.5 -1 72 -18.5 -1 76 -18.5 -22 76 -18.5 -28.064 72
2 24 -32 -48.53 58.5 -32 -43.982 61.5
2 24 -21.5 -22 76 -21.5 -28.064 72
2 24 -18.5 -22 76 -18.5 -28.064 72
2 24 -32 -78.2363 21.5 -32 -80.101 18.5
0 BFC INVERTNEXT
1 16 0 -82.898 0 0 0 -14 0 -8.702 0 14 0 0 1-4cyls.dat
1 16 0 -81.655 0 0 0 -16 0 -9.945 0 16 0 0 1-4cyls.dat
1 16 0 -91.6 0 0 0 -14 8.702 1 0 14 0 0 1-4edge.dat
1 16 0 -91.6 0 0 0 -16 9.945 1 0 16 0 0 1-4edge.dat
2 24 -6.1232 -82.4117 14.7824 0 -81.6549 16
1 16 -25.85085 -55.8338 1.5 10.14915 0 0 0 0 34.8338 0 -1 0 rect.dat
2 24 21.5 -22 -76 21.5 -1 -76
2 24 18.5 -1 -76 18.5 -22 -76
4 16 32 -78.2363 -21.5 32 -80.101 -18.5 32 -1 -18.5 32 -1 -21.5
1 16 20 -14.532 -72 0 0 -1.5 13.532 0 0 0 -1 0 rect.dat
1 16 34 -40.5505 -18.5 -2 0 0 0 0 -39.5505 0 -1 0 rect3.dat
1 16 34 -39.61815 -21.5 2 0 0 0 0 -38.61815 0 1 0 rect3.dat
4 16 32 -43.982 -61.5 32 -48.53 -58.5 32 -1 -58.5 32 -1 -61.5
4 16 21.5 -28.064 -72 21.5 -22 -76 21.5 -1 -76 21.5 -1 -72
4 16 18.5 -1 -72 18.5 -1 -76 18.5 -22 -76 18.5 -28.064 -72
2 24 32 -48.53 -58.5 32 -43.982 -61.5
2 24 21.5 -22 -76 21.5 -28.064 -72
2 24 18.5 -22 -76 18.5 -28.064 -72
2 24 32 -78.2363 -21.5 32 -80.101 -18.5
1 16 34 -1 -20 0 0 -2 0 -1 0 1.5 0 0 rect.dat
1 16 20 -1 -74 -1.5 0 0 0 -1 0 0 0 -2 rect3.dat
1 16 34 -1 -60 0 0 -2 0 -1 0 1.5 0 0 rect.dat
0 BFC INVERTNEXT
1 16 0 -82.898 0 0 0 14 0 -8.702 0 -14 0 0 1-4cyls.dat
1 16 0 -81.655 0 0 0 16 0 -9.945 0 -16 0 0 1-4cyls.dat
1 16 0 -91.6 0 0 0 14 8.702 1 0 -14 0 0 1-4edge.dat
1 16 0 -91.6 0 0 0 16 9.945 1 0 -16 0 0 1-4edge.dat
2 24 6.1232 -82.4117 -14.7824 0 -81.6549 -16
2 24 -21.5 -1 -76 -21.5 -22 -76
2 24 -18.5 -22 -76 -18.5 -1 -76
4 16 -32 -1 -18.5 -32 -80.101 -18.5 -32 -78.2363 -21.5 -32 -1 -21.5
1 16 -20 -14.532 -72 -1.5 0 0 0 0 -13.532 0 -1 0 rect.dat
1 16 -34 -40.5505 -18.5 -2 0 0 0 0 -39.5505 0 -1 0 rect3.dat
1 16 -34 -39.61815 -21.5 2 0 0 0 0 -38.61815 0 1 0 rect3.dat
1 16 -20 -1 -74 1.5 0 0 0 -1 0 0 0 -2 rect3.dat
4 16 -32 -1 -58.5 -32 -48.53 -58.5 -32 -43.982 -61.5 -32 -1 -61.5
4 16 -21.5 -1 -76 -21.5 -22 -76 -21.5 -28.064 -72 -21.5 -1 -72
4 16 -18.5 -22 -76 -18.5 -1 -76 -18.5 -1 -72 -18.5 -28.064 -72
2 24 -32 -43.982 -61.5 -32 -48.53 -58.5
2 24 -21.5 -28.064 -72 -21.5 -22 -76
2 24 -18.5 -28.064 -72 -18.5 -22 -76
2 24 -32 -80.101 -18.5 -32 -78.2363 -21.5
0 BFC INVERTNEXT
1 16 0 -82.898 0 0 0 -14 0 -8.702 0 -14 0 0 1-4cyls.dat
1 16 0 -81.655 0 0 0 -16 0 -9.945 0 -16 0 0 1-4cyls.dat
1 16 0 -91.6 0 0 0 -14 8.702 1 0 -14 0 0 1-4edge.dat
1 16 0 -91.6 0 0 0 -16 9.945 1 0 -16 0 0 1-4edge.dat
2 24 0 -81.6549 -16 -6.1232 -82.4117 -14.7824
1 16 -25.85085 -55.8338 -1.5 0 0 -10.14915 -34.8338 0 0 0 1 0 rect.dat
1 16 0 -75.75 25.5 -36 0 0 0 -1 15.85 0 0 25.5 rect3.dat
1 16 0 -40.95 63.5 0 0 36 18.95 0 0 12.5 1 0 rect2p.dat
1 16 0 -75.75 -25.5 36 0 0 0 -1 15.85 0 0 -25.5 rect3.dat
1 16 0 -40.95 -63.5 0 0 -36 18.95 0 0 -12.5 -1 0 rect2p.dat
1 16 0 -79.75 26.5 0 0 40 -15.85 1 0 -26.5 0 0 rect.dat
1 16 0 -43.95 66.5 0 0 -40 19.95 0 0 13.5 -1 0 rect2p.dat
3 16 36 -91.6 0 36 -59.9 51 36 -59.9 -51
4 16 36 -22 -76 36 -59.9 -51 36 -59.9 51 36 -22 76
4 16 40 -24 80 40 -63.9 53 40 -63.9 -53 40 -24 -80
3 16 40 -95.6 0 36 -90.6676 -1.5 40 -63.9 53
3 16 40 -63.9 -53 40 -63.9 53 40 -95.6 0
1 16 0 -79.75 -26.5 -40 0 0 0 1 15.85 0 0 -26.5 rect3.dat
1 16 0 -43.95 -66.5 0 0 40 19.95 0 0 -13.5 1 0 rect2p.dat
3 16 -36 -91.6 0 -36 -59.9 -51 -36 -59.9 51
4 16 -36 -22 76 -36 -59.9 51 -36 -59.9 -51 -36 -22 -76
4 16 -40 -24 -80 -40 -63.9 -53 -40 -63.9 53 -40 -24 80
3 16 -40 -95.6 0 -36 -90.6676 1.5 -40 -63.9 -53
3 16 -40 -63.9 53 -40 -63.9 -53 -40 -95.6 0
2 24 0 -53 16 1.5 -53 15.7017
2 24 0 -53 16 -1.5 -53 15.7017
1 16 0 -53 -20 0 0 1.5 0 -1 0 4.2983 0 0 rect2p.dat
2 24 -1.5 -53 -24.2983 0 -53 -24
2 24 1.5 -53 -24.2983 0 -53 -24
2 24 -1.5 -81.8403 -15.7017 -1.5 -76.4969 -24.2983
2 24 -1.5 -53 -24.2983 -1.5 -76.4969 -24.2983
2 24 -1.5 -53 -15.7017 -1.5 -81.8403 -15.7017
4 16 -1.5 -53 -15.7017 -1.5 -53 -24.2983 -1.5 -76.4969 -24.2983 -1.5 -81.8403 -15.7017
2 24 1.5 -81.8403 -15.7017 1.5 -76.4969 -24.2983
2 24 1.5 -53 -24.2983 1.5 -76.4969 -24.2983
2 24 1.5 -53 -15.7017 1.5 -81.8403 -15.7017
4 16 1.5 -76.4969 -24.2983 1.5 -53 -24.2983 1.5 -53 -15.7017 1.5 -81.8403 -15.7017
2 24 0 -53 -16 -1.5 -53 -15.7017
2 24 0 -53 -16 1.5 -53 -15.7017
1 16 0 -56.7924 40 1 0 0 0 -12.6981 0 0 0 1 stud8a.dat
0 BFC INVERTNEXT
1 16 0 -58.0354 40 0 0 14 0 -8.702 0 14 0 0 4-4cyls.dat
1 16 0 -56.7924 40 0 0 16 0 -9.945 0 16 0 0 4-4cyls.dat
1 16 0 -66.7374 40 0 0 14 -8.702 1 0 -14 0 0 7-16edge.dat
1 16 0 -66.7374 40 0 0 16 -9.945 1 0 -16 0 0 3-8edge.dat
1 16 0 -66.7374 40 0 0 -14 -8.702 1 0 -14 0 0 7-16edge.dat
1 16 0 -66.7374 40 0 0 -16 -9.945 1 0 -16 0 0 3-8edge.dat
0 BFC INVERTNEXT
1 16 0 -58.0354 40 14 0 0 0 1.243 0 0 0 14 4-4cyli.dat
1 16 0 -76.576 -40 0 0 14 21.224 1 0 -14 0 0 1-8edge.dat
1 16 0 -76.576 -40 0 0 16 24.256 1 0 -16 0 0 1-8edge.dat
2 24 11.3136 -59.4246 -51.3136 11.5233 -59.9004 -50.9998
1 16 0 -76.576 -40 0 0 -14 21.224 1 0 -14 0 0 1-8edge.dat
1 16 0 -76.576 -40 0 0 -16 24.256 1 0 -16 0 0 1-8edge.dat
2 24 -11.5233 -59.9004 -50.9998 -11.3136 -59.4246 -51.3136
1 16 0 -76.576 40 0 0 14 21.224 1 0 14 0 0 1-8edge.dat
1 16 0 -76.576 40 0 0 16 24.256 1 0 16 0 0 1-8edge.dat
2 24 11.5233 -59.9004 50.9998 11.3136 -59.4246 51.3136
1 16 0 -76.576 40 0 0 -14 21.224 1 0 14 0 0 1-8edge.dat
1 16 0 -76.576 40 0 0 -16 24.256 1 0 16 0 0 1-8edge.dat
2 24 -11.3136 -59.4246 51.3136 -11.5233 -59.9004 50.9998
2 24 16 -21 0 15.7017 -21 -1.5
2 24 15.7017 -21 1.5 16 -21 0
1 16 25.8509 -21 0 0 0 10.14915 0 -1 0 -1.5 0 0 rect3.dat
1 16 25.85085 -55.8338 1.5 -10.14915 0 0 0 0 34.8338 0 -1 0 rect.dat
1 16 25.85085 -55.8338 -1.5 0 0 10.14915 -34.8338 0 0 0 1 0 rect.dat
1 16 -34 -1 20 0 0 2 0 -1 0 -1.5 0 0 rect.dat
1 16 -34 -1 60 0 0 2 0 -1 0 -1.5 0 0 rect.dat
1 16 -34 -1 -20 0 0 2 0 -1 0 1.5 0 0 rect.dat
1 16 -34 -1 -60 0 0 2 0 -1 0 1.5 0 0 rect.dat