0 Minifig Watering Can
0 Name: 79736.dat
0 Author: Philippe Hurbain [Philo]
0 !LDRAW_ORG Part UPDATE 2025-05
0 !LICENSE Licensed under CC BY 4.0 : see CAreadme.txt

0 BFC CERTIFY CCW

0 !CATEGORY Minifig Accessory

0 !HISTORY 2023-04-23 {LEGO Instructions App} Original part shape
0 !HISTORY 2023-04-23 [Philo] File preparation for LDraw Parts Tracker
0 !HISTORY 2025-05-28 [OrionP] Official Update 2025-05


1 16 0 -5 0 -1 0 0 0 -1.25 0 0 0 1 stud4.dat
1 16 0 -27 20 0 0 4 0 14 0 -4 0 0 4-4cyli.dat
1 16 0 -27 20 0 0 4 0 -2 0 -4 0 0 4-8sphe.dat
1 16 0 -13 20 0 0 4 0 1.5 0 -4 0 0 4-8sphe.dat
1 16 2.5 -28.5 19 0 -5 0 -3.5 0 0.73 0 0 3.5 1-4cylo.dat
0 BFC INVERTNEXT
1 16 0 -32 0 0 0 10 0 3 0 -10 0 0 4-4cylo.dat
0 BFC INVERTNEXT
1 16 0 -9 0 0 0 9 0 -20 0 -9 0 0 4-4cylc.dat
1 16 0 -29 0 0 0 1 0 1 0 -1 0 0 4-4ring9.dat
0 BFC INVERTNEXT
1 16 0 -34 -26 0 0 2 0 -5.6 0 2 0 0 4-4cylc.dat
1 16 0 0 0 1 0 0 0 1 0 0 0 1 s\79736s01.dat
1 16 0 0 0 -1 0 0 0 1 0 0 0 1 s\79736s01.dat
1 16 0 -34.643 -18.137 0 0 1.5 -2.643 1 0 -2.809 0 0 rect.dat
1 16 0 -32 -14.11455 0 0 1.5 0 1 0 -1.21345 0 0 rect2p.dat
3 16 -1.5 -32 -12.9011 1.5 -32 -12.9011 0 -32 -10
4 16 2.5 -32 12.8 2.5 -32 19 -2.5 -32 19 -2.5 -32 12.8
3 16 0 -32 10 2.5 -32 12.8 -2.5 -32 12.8
5 24 -2.5 -32 19 2.5 -32 19 2.5 -31.4543 20.3395 2.5 -32 12.8
5 24 0 -5 13 0 -24.3907 13 2.5 -32 12.8 -2.5 -32 12.8
5 24 0 -6.184 -12.9998 0 -5 -13 1.6965 -5 -12.8882 -1.6965 -5 -12.8882
5 24 0 -31.002 -26.284 0 -6.184 -12.9998 -1.6965 -6.935 -12.8882 1.6965 -6.935 -12.8882
5 24 0 -25.176 14.732 0 -24.5715 16 2.5 -24.5176 16.9521 -2.5 -24.5176 16.9521
5 24 0 -24.3907 13 0 -25.176 14.732 2.5 -25.576 14.732 -2.5 -25.576 14.732
5 24 0 -37.321 -32.392 0 -34.975 -31.336 2.2845 -37.315 -32.1381 -2.2845 -37.315 -32.1381
5 24 0 -39.6 -32.744 0 -37.321 -32.392 2.52 -39.6 -32.5585 -2.52 -39.6 -32.5585
5 24 0 -34.975 -31.336 0 -32.902 -29.764 2.0146 -35.086 -30.9867 -2.0146 -35.086 -30.9867
5 24 0 -32.902 -29.764 0 -31.002 -26.284 -1.6971 -33.021 -29.5063 1.6971 -33.021 -29.5063
