0 ~Duplo Plate  2 x  4 with Hinge - Half
0 Name: s\16686s02.dat
0 Author: Peter Blomberg [WUIt]
0 !LDRAW_ORG Subpart UPDATE 2025-05
0 !LICENSE Licensed under CC BY 4.0 : see CAreadme.txt

0 BFC CERTIFY CCW

0 !HISTORY 2025-05-28 [OrionP] Official Update 2025-05

0 // top
3 16 40 -19 -160 40 -19 -7.2713 21 -19 -7.2713

0 // right side outside details
3 16 21 5 -18.0057 21 0 -19 21 2 -19
3 16 21 5 -18.0057 21 2 -19 21 5 -21
4 16 40 -19 -7.2713 40 -17.5541 -7.2713 21 -17.5541 -7.2713 21 -19 -7.2713
0 BFC INVERTNEXT
1 16 21 0 0 0 19 0 0 0 -19 -19 0 0 3-16cylo.dat
4 16 40 2 -19 21 2 -19 21 0 -19 40 0 -19
4 16 40 5 -21 21 5 -21 21 2 -19 40 2 -19
1 16 21 1 0 0 -1 0 -20 0 0 0 0 -20 1-16tang.dat
3 16 21 -19 -3.978 21 -19 -7.2713 21 -17.478 -7.654
2 24 40 5 -21 40 2 -19
2 24 40 2 -19 40 0 -19
2 24 40 -19 -7.2713 40 -17.5541 -7.2713
2 24 40 5 -21 21 5 -21
2 24 21 -17.5541 -7.2713 40 -17.5541 -7.2713
2 24 40 2 -19 21 2 -19
2 24 21 2 -19 21 0 -19
2 24 21 -19 -7.2713 21 -17.5541 -7.2713
2 24 21 2 -19 21 5 -21
2 24 40 5 -21 40 5 -160
2 24 21 -19 -7.2713 21 -19 -3.978
2 24 21 -19 -3.978 21 -19 0
2 24 21 -19 -7.2713 40 -19 -7.2713
2 24 40 -19 -7.2713 40 -19 -160
2 24 21 5 -21 21 5 -18.0057
2 24 21 7.2713 -17.5541 21 5 -18.0057

0 // triangular hole right
1 16 23 0 0 0 17 0 0 0 -22 -22 0 0 48\5-48cylo.dat
1 16 40 0 0 0 -1 0 0 0 -22 -22 0 0 48\5-48chrd.dat
2 24 40 0 -22 40 -13.3936 -29.0493
2 24 40 -13.3936 -17.4548 40 -13.3936 -29.0493
2 24 40 -13.3936 -29.0493 23 -13.3936 -29.0493
2 24 40 -13.3936 -17.4548 23 -13.3936 -17.4548
2 24 40 0 -22 23 0 -22
2 24 23 0 -22 23 -13.3936 -29.0493
2 24 23 -13.3936 -29.0493 23 -13.3936 -22
2 24 23 -13.3936 -22 23 -13.3936 -17.4548
1 16 23 0 0 0 -1 0 0 0 -22 -22 0 0 48\5-48tndis.dat
3 16 23 -13.3936 -29.0493 23 0 -22 23 -13.3936 -22
4 16 40 0 -22 23 0 -22 23 -13.3936 -29.0493 40 -13.3936 -29.0493
4 16 40 -13.3936 -29.0493 23 -13.3936 -29.0493 23 -13.3936 -22 40 -13.3936 -17.4548
3 16 23 -13.3936 -17.4548 40 -13.3936 -17.4548 23 -13.3936 -22
1 16 40 0 0 0 -1 0 0 0 -19 -19 0 0 3-16tang.dat
4 16 40 -13.3936 -17.4548 40 -16.1082 -10.7635 40 -17.5541 -7.2713 40 -19 -7.2713
3 16 40 -16.1082 -10.7635 40 -13.3936 -17.4548 40 -13.4349 -13.4349
3 16 40 -13.4349 -13.4349 40 -13.3936 -17.4548 40 -10.7635 -16.1082
3 16 40 0 -22 40 2 -19 40 0 -19
3 16 40 0 -22 40 0 -19 40 -3.7791 -19
4 16 40 -3.7791 -19 40 -7.2713 -17.5541 40 -13.3936 -17.4548 40 0 -22
3 16 40 -13.3936 -17.4548 40 -7.2713 -17.5541 40 -10.7635 -16.1082

0 // outer box right
4 16 40 -13.3936 -29.0493 40 -13.3936 -17.4548 40 -19 -7.2713 40 -19 -160
4 16 40 5 -21 40 2 -19 40 0 -22 40 5 -160
4 16 40 -19 -160 40 5 -160 40 0 -22 40 -13.3936 -29.0493

0 // inner box
3 16 36 -15 -32.5 36 -15 -156 25 -15 -32.5
3 16 25 -15 -32.5 36 -15 -156 19 -15 -32.5
4 16 36 -15 -32.5 36 1 -24 36 5 -24 36 5 -156
3 16 36 -15 -156 36 -15 -32.5 36 5 -156
1 16 25 -15 -26.5 -6 0 0 0 -1 0 0 0 -6 1-4ndis.dat
4 16 22 1 -24 22 5 -24 36 5 -24 36 1 -24
4 16 36 -15 -32.5 25 -15 -32.5 22 1 -24 36 1 -24
4 16 19 5 -19 19 5 -21 19 1 -21 19 -15 -19
3 16 19 -15 -19 19 1 -21 19 -15 -26.5
1 16 22 1 -21 -3 0 0 0 4 0 0 0 -3 1-4cyli.dat
1 16 22 1 -21 -3 0 0 0 1 0 0 0 -3 1-4edge.dat
1 16 22 5 -21 -3 0 0 0 1 0 0 0 -3 1-4edge.dat
1 16 25 -15 -26.5 -3 -3 0 0 16 0 0 5.5 -3 1-4con1.dat
1 16 25 -15 -26.5 -6 0 0 0 1 0 0 0 -6 1-4edge.dat
2 24 36 5 -24 22 5 -24
2 24 36 5 -24 36 5 -156
2 24 36 1 -24 36 -15 -32.5
2 24 36 -15 -156 36 -15 -32.5
2 24 36 5 -24 36 1 -24
2 24 36 1 -24 22 1 -24
2 24 25 -15 -32.5 36 -15 -32.5
2 24 19 5 -19 19 5 -21
2 24 19 -15 -19 19 -15 -26.5

0 // notches
1 16 20 -15 -154 1.5 0 0 0 19 0 0 0 2 box4-1.dat
1 16 34 -15 -100 0 0 -2 0 19 0 -1.5 0 0 box4-1.dat
1 16 34 -15 -140 0 0 -2 0 19 0 -1.5 0 0 box4-1.dat

0 // bottom helm
1 16 22 5 -21 -3 0 0 0 -1 0 0 0 -3 1-4chrd.dat
4 16 40 5 -21 40 5 -160 36 5 -156 36 5 -24
4 16 22 5 -24 21 5 -21 40 5 -21 36 5 -24
4 16 22 5 -24 19 5 -21 19 5 -19 21 5 -21
3 16 21 5 -21 19 5 -19 21 5 -18.0057