0 ~Duplo Plate 2 x 4 with Hinge - Hinge
0 Name: s\16686s01.dat
0 Author: Peter Blomberg [WUIt]
0 !LDRAW_ORG Subpart UPDATE 2025-05
0 !LICENSE Licensed under CC BY 4.0 : see CAreadme.txt

0 BFC CERTIFY CCW

0 !HISTORY 2025-05-28 [OrionP] Official Update 2025-05

1 16 -21 0 0 0 42 0 0 0 -19 19 0 0 1-4cylo.dat

1 16 0 0 0 -1 0 0 0 1 0 0 0 1 dhingepin1.dat
1 16 -13 0 0 0 -8 0 0 0 19 19 0 0 7-16cylo.dat

1 16 -13 0 0 0 -1 0 0 0 15.2 15.2 0 0 7-16chrd.dat
1 16 -13 0 0 0 -1 0 0 0 -15.2 15.2 0 0 1-4chrd.dat
4 16 -13 5.81704 -14.04328 -13 0 15.2 -13 -15.2 0 -13 -15.2 -14.04328
1 16 -13 0 0 0 -1 0 0 0 3.8 3.8 0 0 7-16ring4.dat

0 BFC INVERTNEXT
1 16 -2 0 0 0 -11 0 0 0 -15.2 15.2 0 0 1-4cylo.dat
2 24 -2 0 15.2 -2 0 19
2 24 -13 0 15.2 -13 0 19
2 24 -2 5.81704 -14.04328 -2 7.2713 -17.5541
2 24 -13 5.81704 -14.04328 -13 7.2713 -17.5541
2 24 -2 5.81704 -14.04328 -2 -15.2 -14.04328
2 24 -13 5.81704 -14.04328 -13 -15.2 -14.04328
2 24 -13 5.81704 -14.04328 -2 5.81704 -14.04328
2 24 -2 -15.2 -14.04328 -13 -15.2 -14.04328
2 24 -2 -15.2 -14.04328 -2 -15.2 0
2 24 -13 -15.2 -14.04328 -13 -15.2 0
2 24 -2 0 15.2 -13 0 15.2
2 24 -2 0 19 -13 0 19
2 24 -2 7.2713 -17.5541 -13 7.2713 -17.5541
4 16 -2 -15.2 -14.04328 -13 -15.2 -14.04328 -13 -15.2 0 -2 -15.2 0
4 16 -13 5.81704 -14.04328 -13 -15.2 -14.04328 -2 -15.2 -14.04328 -2 5.81704 -14.04328
4 16 -2 7.2713 -17.5541 -13 7.2713 -17.5541 -13 5.81704 -14.04328 -2 5.81704 -14.04328
4 16 -2 0 15.2 -13 0 15.2 -13 0 19 -2 0 19

1 16 -2 0 0 0 1 0 0 0 15.2 15.2 0 0 7-16chrd.dat
1 16 -2 0 0 0 1 0 0 0 -15.2 15.2 0 0 1-4chrd.dat
4 16 -2 -15.2 0 -2 0 15.2 -2 5.81704 -14.04328 -2 -15.2 -14.04328
1 16 -2 0 0 0 1 0 0 0 3.8 3.8 0 0 7-16ring4.dat

1 16 -2 0 0 0 4 0 0 0 19 19 0 0 7-16cylo.dat

1 16 2 0 0 0 -1 0 0 0 15.2 15.2 0 0 7-16chrd.dat
1 16 2 0 0 0 -1 0 0 0 -15.2 15.2 0 0 1-4chrd.dat
4 16 2 5.81704 -14.04328 2 0 15.2 2 -15.2 0 2 -15.2 -14.04328
1 16 2 0 0 0 -1 0 0 0 3.8 3.8 0 0 7-16ring4.dat

0 BFC INVERTNEXT
1 16 2 0 0 0 11 0 0 0 -15.2 15.2 0 0 1-4cylo.dat
2 24 2 0 15.2 2 0 19
2 24 13 0 15.2 13 0 19
2 24 2 5.81704 -14.04328 2 7.2713 -17.5541
2 24 13 5.81704 -14.04328 13 7.2713 -17.5541
2 24 2 5.81704 -14.04328 2 -15.2 -14.04328
2 24 13 5.81704 -14.04328 13 -15.2 -14.04328
2 24 13 5.81704 -14.04328 2 5.81704 -14.04328
2 24 2 -15.2 -14.04328 13 -15.2 -14.04328
2 24 2 -15.2 -14.04328 2 -15.2 0
2 24 13 -15.2 -14.04328 13 -15.2 0
2 24 2 0 15.2 13 0 15.2
2 24 2 0 19 13 0 19
2 24 2 7.2713 -17.5541 13 7.2713 -17.5541
4 16 13 -15.2 0 13 -15.2 -14.04328 2 -15.2 -14.04328 2 -15.2 0
4 16 2 -15.2 -14.04328 13 -15.2 -14.04328 13 5.81704 -14.04328 2 5.81704 -14.04328
4 16 13 7.2713 -17.5541 2 7.2713 -17.5541 2 5.81704 -14.04328 13 5.81704 -14.04328
4 16 13 0 19 13 0 15.2 2 0 15.2 2 0 19

1 16 13 0 0 0 1 0 0 0 15.2 15.2 0 0 7-16chrd.dat
1 16 13 0 0 0 1 0 0 0 -15.2 15.2 0 0 1-4chrd.dat
4 16 13 -15.2 0 13 0 15.2 13 5.81704 -14.04328 13 -15.2 -14.04328
1 16 13 0 0 0 1 0 0 0 3.8 3.8 0 0 7-16ring4.dat

1 16 13 0 0 0 8 0 0 0 19 19 0 0 7-16cylo.dat
1 16 0 0 0 1 0 0 0 1 0 0 0 1 dhingepin1.dat
