0 ~White Letter "X" with box
0 Name: s\2431ptcs01.dat
0 Author: Jens Brühl [jb70]
0 !LDRAW_ORG Subpart UPDATE 2025-05
0 !LICENSE Licensed under CC BY 4.0 : see CAreadme.txt

0 BFC CERTIFY CCW

0 !HISTORY 2025-05-28 [OrionP] Official Update 2025-05

4 15 .6 0 0 0 0 1.1 -.6 0 0 0 0 -1.1
4 15 0 0 -1.1 -.6 0 0 -2.2 0 -2.9 -1 0 -2.9
4 15 0 0 -1.1 1 0 -2.9 2.2 0 -2.9 .6 0 0
4 15 0 0 1.1 .6 0 0 2.2 0 2.9 1 0 2.9
4 15 0 0 1.1 -1 0 2.9 -2.2 0 2.9 -.6 0 0
3 16 -1 0 2.9 0 0 1.1 1 0 2.9
3 16 0 0 -1.1 -1 0 -2.9 1 0 -2.9
3 16 -2.2 0 2.9 -2.2 0 -2.9 -.6 0 0
4 16 -2.2 0 -2.9 -2.2 0 2.9 -2.6 0 3 -2.6 0 -3
3 16 2.2 0 -2.9 2.2 0 2.9 .6 0 0
4 16 2.6 0 3 2.2 0 2.9 2.2 0 -2.9 2.6 0 -3
4 16 -2.6 0 3 -1 0 2.9 1 0 2.9 2.6 0 3
3 16 1 0 2.9 2.2 0 2.9 2.6 0 3
3 16 -2.6 0 3 -2.2 0 2.9 -1 0 2.9
4 16 1 0 -2.9 -1 0 -2.9 -2.6 0 -3 2.6 0 -3
3 16 2.2 0 -2.9 1 0 -2.9 2.6 0 -3
3 16 -2.2 0 -2.9 -2.6 0 -3 -1 0 -2.9