0 ~Tile  2 x  2 Corner Round with Black Stripe Pattern Half
0 Name: s\27925ph0s01.dat
0 Author: Rene Rechthaler [Blechtaler]
0 !LDRAW_ORG Subpart UPDATE 2025-05
0 !LICENSE Licensed under CC BY 4.0 : see CAreadme.txt

0 BFC CERTIFY CCW

0 !HISTORY 2025-05-28 [OrionP] Official Update 2025-05

1 16 -10 0 10 20 0 0 0 1 0 0 0 -20 1-8ndis.dat
4 16 10 0 10 10 0 -10 12.6272 0 -12.6272 21.72786 0 5.82302
1 16 -10 0 10 22.6272 0 22.6272 0 1 0 -22.6272 0 22.6272 48\5-48chrd.dat
1 0 -10 0 10 22.6272 0 22.6272 0 1 0 -22.6272 0 22.6272 48\5-48tndis.dat
3 0 26.40264 0 1.14824 29.16408 0 4.84404 21.72786 0 5.82302
4 0 21.72786 0 5.82302 29.16408 0 4.84404 29.467 0 9.5 21.967 0 9.5
3 16 10 0 10 21.72786 0 5.82302 21.967 0 9.5
4 16 10 0 10 21.967 0 9.5 29.467 0 9.5 30 0 10
4 16 30 0 10 29.467 0 9.5 29.16408 0 4.84404 29.65982 0 4.77877
1 16 -10 0 10 .35355 0 .35355 0 1 0 -.35355 0 .35355 48\5-48ring79.dat
1 0 -10 0 10 27.93045 0 27.93045 0 1 0 -27.93045 0 27.93045 48\5-48chrd.dat
3 0 17.93045 0 -17.93045 29.16408 0 4.84404 26.40264 0 1.14824
3 0 17.93045 0 -17.93045 26.40264 0 1.14824 12.6272 0 -12.6272
1 16 -10 0 10 40 0 0 0 1 0 0 0 -40 48\1-48chrd.dat
