0 ~Train Track  9V Straight - Plastic Part, Rail Reinforcement
0 Name: s\2865as09.dat
0 Author: Max Martin Richter [MMR1988]
0 !LDRAW_ORG Subpart UPDATE 2025-02
0 !LICENSE Licensed under CC BY 4.0 : see CAreadme.txt

0 BFC CERTIFY CCW

0 !HISTORY 2025-02-27 [OrionP] Official Update 2025-02

3 16 16 8 41 1 8 43.75 20 8 41
3 16 -11.5 8 41 -1 8 43.75 -8.5 8 41
4 16 -8.5 8 41 -1 8 43.75 1 8 43.75 8.5 8 41
3 16 8.5 8 41 1 8 43.75 11.5 8 41
3 16 11.5 8 41 1 8 43.75 16 8 41
3 16 -1 8 43.75 -11.5 8 41 -16 8 41
3 16 -1 8 43.75 -16 8 41 -20 8 41

1 16 0 8 50.5 0 0 -1 0 -1 0 -6.75 0 0 rect2p.dat

3 16 -1 8 57.25 -20 8 60 -16 8 60
3 16 -16 8 60 -11.5 8 60 -1 8 57.25
3 16 -1 8 57.25 -11.5 8 60 -8.5 8 60
4 16 1 8 57.25 -1 8 57.25 -8.5 8 60 8.5 8 60
3 16 1 8 57.25 8.5 8 60 11.5 8 60
3 16 1 8 57.25 11.5 8 60 16 8 60
3 16 1 8 57.25 16 8 60 20 8 60

3 16 1 0 55.5 1 -2 50.5 1 0 45.5
1 16 1 1.25 50.5 0 -1 0 1.25 0 0 0 0 5 rect2p.dat
3 16 1 2.5 57.25 1 2.5 55.5 1 8 57.25
4 16 1 2.5 45.5 1 8 43.75 1 8 57.25 1 2.5 55.5
3 16 1 2.5 45.5 1 2.5 43.75 1 8 43.75

3 16 -1 -2 50.5 -1 0 55.5 -1 0 45.5
1 16 -1 1.25 50.5 0 1 0 -1.25 0 0 0 0 5 rect2p.dat
3 16 -1 2.5 55.5 -1 2.5 57.25 -1 8 57.25
4 16 -1 8 57.25 -1 8 43.75 -1 2.5 45.5 -1 2.5 55.5
3 16 -1 2.5 43.75 -1 2.5 45.5 -1 8 43.75

2 24 1 2.5 57.25 1 8 57.25
2 24 1 2.5 57.25 1 2.5 55.5
2 24 1 0 55.5 1 -2 50.5
2 24 1 -2 50.5 1 0 45.5
2 24 1 2.5 45.5 1 2.5 43.75
2 24 1 2.5 43.75 1 8 43.75

2 24 -1 2.5 57.25 -1 8 57.25
2 24 -1 2.5 57.25 -1 2.5 55.5
2 24 -1 0 55.5 -1 -2 50.5
2 24 -1 -2 50.5 -1 0 45.5
2 24 -1 2.5 45.5 -1 2.5 43.75
2 24 -1 2.5 43.75 -1 8 43.75
