0 ~Train Track  9V Straight - Plastic Part, End Sleeper Adapter
0 Name: s\2865as11.dat
0 Author: Max Martin Richter [MMR1988]
0 !LDRAW_ORG Subpart UPDATE 2025-02
0 !LICENSE Licensed under CC BY 4.0 : see CAreadme.txt

0 BFC CERTIFY CCW

0 !HISTORY 2025-02-27 [OrionP] Official Update 2025-02

4 16 -16 8 -60 -20 8 -60 -20 8 -57.25 -16 8 -57.25
1 16 -18 8 -50.5 -2 0 0 0 -1 0 0 0 6.75 rect1.dat
3 16 -20 -2 -50.5 -20 0 -45.5 -20 0 -55.5
1 16 -20 1.25 -50.5 0 1 0 -1.25 0 0 0 0 5 rect2p.dat
3 16 -20 2.5 -45.5 -20 2.5 -43.75 -20 8 -43.75
3 16 -20 2.5 -57.25 -20 2.5 -55.5 -20 8 -57.25
4 16 -20 8 -43.75 -20 8 -57.25 -20 2.5 -55.5 -20 2.5 -45.5

2 24 -20 2.5 -43.75 -20 8 -43.75
2 24 -20 2.5 -43.75 -20 2.5 -45.5
2 24 -20 0 -45.5 -20 -2 -50.5
2 24 -20 -2 -50.5 -20 0 -55.5
2 24 -20 2.5 -57.25 -20 2.5 -55.5
2 24 -20 8 -57.25 -20 2.5 -57.25

4 16 -16 0 -43.75 -10 0 -43.75 -10 0 -50.5 -16 0 -57.25
4 16 -10 0 -43.75 -16 0 -43.75 -16 8 -43.75 -10 4 -43.75
4 16 -16 8 -43.75 0 8 -43.75 0 4 -43.75 -10 4 -43.75
4 16 -16 8 -57.25 -16 8 -43.75 -16 0 -43.75 -16 0 -57.25
2 24 -10 0 -43.75 -10 0 -50.5
2 24 -10 4 -43.75 -10 0 -43.75
2 24 0 4 -43.75 -10 4 -43.75
2 24 -16 8 -57.25 -16 8 -43.75
2 24 -16 0 -43.75 -10 0 -43.75
2 24 -16 0 -57.25 -16 0 -43.75
2 24 -16 0 -43.75 -16 8 -43.75

0 BFC INVERTNEXT
1 16 -5 2 -43.375 0 0 -5 0 2 0 .375 0 0 box3-9a.dat
2 24 -10 0 -43 0 0 -43

4 16 -16 8 -43.75 -20 8 -43.75 -20 8 -41 -16 8 -41
4 16 -16 8 43.75 -16 8 41 -20 8 41 -20 8 43.75

3 16 -20 0 45.5 -20 -2 50.5 -20 0 55.5
1 16 -20 1.25 50.5 0 1 0 1.25 0 0 0 0 -5 rect2p.dat
3 16 -20 8 43.75 -20 2.5 43.75 -20 2.5 45.5
3 16 -20 2.5 55.5 -20 2.5 57.25 -20 8 57.25
4 16 -20 8 43.75 -20 2.5 45.5 -20 2.5 55.5 -20 8 57.25
1 16 -18 8 50.5 -2 0 0 0 -1 0 0 0 6.75 rect1.dat

2 24 -20 2.5 57.25 -20 8 57.25
2 24 -20 2.5 57.25 -20 2.5 55.5
2 24 -20 0 55.5 -20 -2 50.5
2 24 -20 -2 50.5 -20 0 45.5
2 24 -20 2.5 45.5 -20 2.5 43.75
2 24 -20 2.5 43.75 -20 8 43.75

4 16 -16 8 60 -16 8 57.25 -20 8 57.25 -20 8 60

4 16 -10 -3.75 -47.375 -10 0 -43.75 -10 0 -43 -10 -2.5 -43

3 16 -10 0 -50.5 -10 0 -43.75 -10 -3.75 -47.375
