0 ~Train Track  9V Straight - Plastic Part, Centre Sleeper
0 Name: s\2865as04.dat
0 Author: Max Martin Richter [MMR1988]
0 !LDRAW_ORG Subpart UPDATE 2025-02
0 !LICENSE Licensed under CC BY 4.0 : see CAreadme.txt

0 BFC CERTIFY CCW

0 !HISTORY 2025-02-27 [OrionP] Official Update 2025-02

1 16 20 4 0 0 -1 0 0 0 -4 41 0 0 rect.dat
1 16 -20 4 0 0 1 0 0 0 4 41 0 0 rect.dat

4 16 16 8 -41 16 8 41 20 8 41 20 8 -41
4 16 -16 8 -41 -20 8 -41 -20 8 41 -16 8 41

1 16 10 5.25 -41 -1.5 0 0 0 0 2.75 0 5 0 box4-2p.dat
1 16 -10 5.25 -41 -1.5 0 0 0 0 2.75 0 5 0 box4-2p.dat
1 16 0 5.25 -41 -8.5 0 0 0 0 -2.75 0 -1 0 rect2p.dat
1 16 10 5.25 41 -1.5 0 0 0 0 2.75 0 -5 0 box4-2p.dat
1 16 -10 5.25 41 -1.5 0 0 0 0 2.75 0 -5 0 box4-2p.dat
1 16 0 5.25 41 -8.5 0 0 0 0 -2.75 0 1 0 rect2p.dat
0 BFC INVERTNEXT
1 16 11.5 5.25 0 0 4.5 0 2.75 0 0 0 0 41 box3u4a.dat
0 BFC INVERTNEXT
1 16 -11.5 5.25 0 0 -4.5 0 2.75 0 0 0 0 41 box3u4a.dat

3 16 11.5 2.5 36 11.5 2.5 41 16 2.5 41
3 16 -11.5 2.5 41 -11.5 2.5 36 -16 2.5 41
3 16 -11.5 2.5 -36 -11.5 2.5 -41 -16 2.5 -41
3 16 11.5 2.5 -41 11.5 2.5 -36 16 2.5 -41
4 16 8.5 2.5 -36 8.5 2.5 -41 -8.5 2.5 -41 -8.5 2.5 -36
4 16 8.5 2.5 36 -8.5 2.5 36 -8.5 2.5 41 8.5 2.5 41
4 16 -16 2.5 41 -11.5 2.5 36 -11.5 2.5 -36 -16 2.5 -41
4 16 16 2.5 41 16 2.5 -41 11.5 2.5 -36 11.5 2.5 36
4 16 8.5 2.5 -36 8.5 2.5 36 11.5 2.5 36 11.5 2.5 -36
4 16 -8.5 2.5 -36 -11.5 2.5 -36 -11.5 2.5 36 -8.5 2.5 36
