0 ~Hinge  1 x  2 Top - Hinge Half
0 Name: s\3938s01.dat
0 Author: Chris Böhnke [KnightOfTarenta]
0 !LDRAW_ORG Subpart UPDATE 2025-04
0 !LICENSE Licensed under CC BY 4.0 : see CAreadme.txt

0 BFC CERTIFY CCW

0 !HISTORY 2024-11-12 [KnightOfTarenta] subfiled from Lutz Uhlmann 6134
0 !HISTORY 2025-04-27 [OrionP] Official Update 2025-04

0 // Connector
1 16 16 10 0 0 -1 0 0 0 4 4 0 0 4-4ndis.dat
1 16 16 10 0 0 -1 0 0 0 2 2 0 0 4-4disc.dat
1 16 20 10 0 0 -4 0 4 0 0 0 0 4 4-4cylo.dat
1 16 20 10 0 0 -1 0 2 0 0 0 0 2 4-4ring1.dat
0 BFC INVERTNEXT
1 16 20 10 0 0 -4 0 2 0 0 0 0 2 4-4cylo.dat

0 // Outer Side
4 16 16 6 4 16 2 6 16 2 -6 16 6 0
1 16 16 10 0 0 -1 0 0 0 6 6 0 0 1-8chrd.dat
1 16 16 10 0 0 -1 0 6 0 0 0 0 6 1-8chrd.dat
4 16 16 10 4 16 10 6 16 2 6 16 6 4
4 16 16 14.2426 4.2426 16 10 6 16 10 4 16 14 4
4 16 16 14.2426 4.2426 16 14 4 16 14 0 16 16 0
1 16 16 10 0 0 -1 0 0 0 6 -6 0 0 1-8chrd.dat
1 16 16 10 0 0 -1 0 6 0 0 0 0 -6 1-8chrd.dat
4 16 16 2 -6 16 10 -6 16 10 -4 16 6 -4
3 16 16 6 -4 16 6 0 16 2 -6
4 16 16 10 -4 16 10 -6 16 14.2426 -4.2426 16 14 -4
4 16 16 14 0 16 14 -4 16 14.2426 -4.2426 16 16 0
2 24 16 2 6 16 2 -6

0 // Border
1 16 16 10 0 0 -2 0 0 0 6 6 0 0 2-4cylo.dat
1 16 15 6 6 -1 0 0 0 0 -4 0 -1 0 rect3.dat
1 16 15 6 -6 -1 0 0 0 0 -4 0 1 0 rect3.dat

0 // Inner Side
4 16 14 15.5434 2.2962 14 16 0 14 15.5 -2 14 15.5 2
1 16 14 10 0 0 1 0 0 0 6 6 0 0 3-16chrd.dat
1 16 14 10 0 0 1 0 6 0 0 0 0 6 1-16chrd.dat
4 16 14 2 2 14 10 6 14 15.5434 2.2962 14 15.5 2
3 16 14 10 6 14 2 2 14 2 6
2 24 14 2 2 14 15.5 2
2 24 14 2 2 14 2 6
1 16 14 10 0 0 1 0 0 0 6 -6 0 0 3-16chrd.dat
1 16 14 10 0 0 1 0 6 0 0 0 0 -6 1-16chrd.dat
3 16 14 15.5 -2 14 16 0 14 15.5434 -2.2962
4 16 14 15.5434 -2.2962 14 10 -6 14 2 -2 14 15.5 -2
3 16 14 2 -2 14 10 -6 14 2 -6
2 24 14 2 -2 14 15.5 -2
2 24 14 2 -6 14 2 -2
