0 ~Slope Brick 33  3 x  3 without Front Face
0 Name: s\4161s01.dat
0 Author: Takeshi Takahashi [RainbowDolphin]
0 !LDRAW_ORG Subpart UPDATE 2025-02
0 !LICENSE Licensed under CC BY 4.0 : see CAreadme.txt

0 BFC CERTIFY CCW

0 !HISTORY 2025-02-23 [RainbowDolphin] Subfiled for pattern, optimized stud prim usage
0 !HISTORY 2025-02-27 [OrionP] Official Update 2025-02

1 16 10 8 -10 1 0 0 0 -4 0 0 0 1 stud4a.dat
1 16 10 8 -10 0 0 1 0 4 0 -1 0 0 stud4s2.dat

1 16 -10 8 -10 1 0 0 0 -4 0 0 0 1 stud4a.dat
1 16 -10 8 -10 0 0 1 0 4 0 -1 0 0 stud4s2.dat

1 16 10 18 -30 1 0 0 0 -1.5 0 0 0 1 stud4a.dat
1 16 10 18 -30 0 0 1 0 4 0 -1 0 0 stud4s.dat

1 16 -10 18 -30 1 0 0 0 -1.5 0 0 0 1 stud4a.dat
1 16 -10 18 -30 0 0 1 0 4 0 -1 0 0 stud4s.dat

2 24 -26 24 6 -26 24 -46
2 24 26 24 -46 26 24 6

2 24 -30 24 10 -30 24 -50
2 24 30 24 -50 30 24 10

2 24 30 20 -50 30 0 -10
2 24 -30 20 -50 -30 0 -10

4 16 30 24 10 26 24 6 -26 24 6 -30 24 10
4 16 -30 24 10 -26 24 6 -26 24 -46 -30 24 -50
4 16 -30 24 -50 -26 24 -46 26 24 -46 30 24 -50
4 16 30 24 -50 26 24 -46 26 24 6 30 24 10
1 16 0 20 -44 -26 0 0 0 -1 0 0 0 2 rect3.dat
1 16 0 4 -2 26 0 0 0 -1 0 0 0 -8 rect3.dat
1 16 0 0 0 -30 0 0 0 1 0 0 0 -10 rect3.dat

1 16 0 12 10 30 0 0 0 0 12 0 -1 0 rect.dat
1 16 0 14 6 0 0 -26 -10 0 0 0 1 0 rect.dat
1 16 0 22 -46 26 0 0 0 0 2 0 -1 0 rect.dat
1 16 0 22 -50 0 0 -30 -2 0 0 0 1 0 rect.dat

4 16 30 24 10 30 0 10 30 20 -50 30 24 -50
3 16 30 0 10 30 0 -10 30 20 -50
4 16 -30 20 -50 -30 0 10 -30 24 10 -30 24 -50
3 16 -30 20 -50 -30 0 -10 -30 0 10

1 16 0 12 -26 0 0 -26 8 -1 0 -16 0 0 rect2p.dat
4 16 -26 20 -46 -26 24 -46 -26 24 6 -26 20 -42
4 16 -26 20 -42 -26 24 6 -26 4 6 -26 4 -10
4 16 26 20 -46 26 20 -42 26 24 6 26 24 -46
4 16 26 24 6 26 20 -42 26 4 -10 26 4 6
1 16 0 0 0 1 0 0 0 1 0 0 0 1 stug-1x3.dat
