0 ~Duplo Brick  1 x  3 x  2 Round Top - Half without Front and Back Faces
0 Name: s\41970s01.dat
0 Author: Peter Blomberg [WUIt]
0 !LDRAW_ORG Subpart UPDATE 2025-04
0 !LICENSE Licensed under CC BY 4.0 : see CAreadme.txt

0 BFC CERTIFY CCW

0 !HISTORY 2025-04-27 [OrionP] Official Update 2025-04

0 // back outer
1 16 0 -49 20 0 0 47 47 0 0 0 1 0 48\2-4edge.dat
1 16 0 -49 19 0 0 47 47 0 0 0 -1 0 48\7-48tndis.dat
4 16 0 -2 19 37.2898 -2 19 40 0 19 0 0 19
4 16 37.2898 -2 19 37.2898 -20.3864 19 40 -24.5 19 40 0 19

0 // front outer
1 16 0 -49 -20 0 0 47 -47 0 0 0 1 0 48\2-4edge.dat
1 16 0 -49 -19 0 0 47 47 0 0 0 1 0 48\1-8edge.dat
1 16 0 -49 19 0 0 47 47 0 0 0 1 0 48\1-8edge.dat
1 16 0 -49 -19 0 0 47 47 0 0 0 1 0 48\7-48tndis.dat
4 16 0 -2 -19 0 0 -19 40 0 -19 37.2898 -2 -19
4 16 37.2898 -2 -19 40 0 -19 40 -24.5 -19 37.2898 -20.3864 -19
2 24 33.2337 -15.7663 -19 37.2898 -20.3864 -19
2 24 37.2898 -20.3864 -19 40 -24.5 -19
2 24 33.2337 -15.7663 19 37.2898 -20.3864 19
2 24 37.2898 -20.3864 19 40 -24.5 19

0 // top outer
1 16 0 -49 -20 47 0 0 0 0 -47 0 40 0 48\1-4cyli.dat

0 // right cavity
4 16 42.4996 -55.7518 16 42.4996 -37.6128 16 42.4996 -37.6128 -16 42.4996 -55.7518 -16
2 24 42.4996 -55.7518 -16 42.4996 -37.6128 -16
2 24 42.4996 -55.7518 16 42.4996 -37.6128 16
4 16 36 -74 16 40 -67 16 40 -67 -16 36 -74 -16
2 24 36 -74 16 40 -67 16
2 24 40 -67 -16 36 -74 -16
4 16 42.4996 -55.7518 16 42.4996 -55.7518 -16 40 -67 -16 40 -67 16
2 24 42.4996 -55.7518 -16 40 -67 -16
2 24 42.4996 -55.7518 16 40 -67 16
4 16 45.3973 -36.8364 -16 42.4996 -37.6128 -16 42.4996 -37.6128 16 45.3973 -36.8364 16
2 24 45.3973 -36.8364 -16 42.4996 -37.6128 -16
2 24 42.4996 -37.6128 16 45.3973 -36.8364 16
2 24 45.3973 -36.8364 -16 45.3973 -36.8364 16
2 24 42.4996 -37.6128 -16 42.4996 -37.6128 16
4 16 36 0 16 40 0 16 40 -24.5 16 36 -74 16
4 16 36 0 -16 36 -74 -16 40 -24.5 -16 40 0 -16
2 24 36 -74 -16 36 -74 16
5 24 40 -67 -16 40 -67 16 42.4996 -55.7518 16 36 -74 16
5 24 42.4996 -55.7518 -16 42.4996 -55.7518 16 40 -67 -16 42.4996 -37.6128 -16
4 16 42.4996 -55.7518 -16 42.4996 -37.6128 -16 40.702 -25.5 -16 40 -24.5 -16
4 16 40 -67 -16 42.4996 -55.7518 -16 40 -24.5 -16 36 -74 -16
4 16 40.702 -25.5 16 42.4996 -37.6128 16 42.4996 -55.7518 16 40 -24.5 16
4 16 40 -24.5 16 42.4996 -55.7518 16 40 -67 16 36 -74 16
1 16 0 -49 -16 45.39851 0 -12.1645 12.1645 0 45.39851 0 -1 0 48\1-24chrd.dat
1 16 0 -49 -16 45.39851 0 -12.1645 12.1645 0 45.39851 0 1 0 48\1-24edge.dat
3 16 42.4996 -37.6128 -16 45.3973 -36.8364 -16 40.702 -25.5 -16
1 16 0 -49 16 45.39851 0 -12.1645 12.1645 0 45.39851 0 1 0 48\1-24chrd.dat
1 16 0 -49 16 45.39851 0 -12.1645 12.1645 0 45.39851 0 -1 0 48\1-24edge.dat
3 16 45.3973 -36.8364 16 42.4996 -37.6128 16 40.702 -25.5 16

0 // right outer
1 16 0 -49 -19 47 0 0 0 0 47 0 3 0 48\1-12cyli.dat
1 16 0 -49 16 47 0 0 0 0 47 0 3 0 48\1-12cyli.dat
1 16 0 -49 -20 47 0 0 0 0 47 0 1 0 48\1-4cyli.dat
1 16 0 -49 19 47 0 0 0 0 47 0 1 0 48\1-4cyli.dat
1 16 0 -49 -16 47 0 0 0 0 47 0 32 0 48\1-24cyli.dat
4 16 40 0 -19 40 0 -16 40 -24.5 -16 40 -24.5 -19
2 24 45.3973 -36.8364 -16 43.4233 -31.0131 -16
2 24 43.4233 -31.0131 -16 40.702 -25.5 -16
2 24 40.702 -25.5 -16 40 -24.5 -16
2 24 45.3973 -36.8364 16 43.4233 -31.0131 16
2 24 43.4233 -31.0131 16 40.702 -25.5 16
2 24 40.702 -25.5 16 40 -24.5 16
4 16 40 0 19 40 -24.5 19 40 -24.5 16 40 0 16
2 24 40 -24.5 19 40 -24.5 16
2 24 40 -24.5 -19 40 -24.5 -16
2 24 40 0 19 40 0 16
2 24 40 0 -19 40 0 -16
2 24 40 -24.5 19 40 0 19
2 24 40 -24.5 -19 40 0 -19
2 24 40 -24.5 16 40 0 16
2 24 40 -24.5 -16 40 0 -16
1 16 36 -37 0 0 -1 0 37 0 0 0 0 16 rect.dat
4 16 40 -24.5 -19 40 -24.5 -16 40.702 -25.5 -16 40.702 -25.5 -19
4 16 40 -24.5 19 40.702 -25.5 19 40.702 -25.5 16 40 -24.5 16
5 24 40.702 -25.5 -19 40.702 -25.5 -16 40 -24.5 -19 43.4233 -31.0131 -19
5 24 40.702 -25.5 16 40.702 -25.5 19 43.4233 -31.0131 16 40 -24.5 16

0 // right inner
1 16 32 -39.55 0 0 1 0 39.55 0 0 0 0 16 rect.dat
2 24 32 -79.1 16 22 -87.104 16
2 24 22 -87.104 16 11.51 -91.5 16
2 24 32 -79.1 -16 22 -87.104 -16
2 24 22 -87.104 -16 11.51 -91.5 -16
4 16 32 -79.1 16 32 -79.1 -16 22 -87.104 -16 22 -87.104 16
4 16 22 -87.104 16 22 -87.104 -16 11.51 -91.5 -16 11.51 -91.5 16
4 16 0 0 -16 9.5148 -1 -16 11.5148 -1 -16 32 0 -16
4 16 11.51 -91.5 -16 22 -87.104 -16 32 -79.1 -16 11.5148 -1 -16
4 16 9.5148 -1 -16 0 0 -16 0 -93 -16 9.5148 -91.86 -16
3 16 32 0 -16 11.5148 -1 -16 32 -79.1 -16
4 16 11.5148 -1 16 9.5148 -1 16 0 0 16 32 0 16
4 16 32 -79.1 16 22 -87.104 16 11.51 -91.5 16 11.5148 -1 16
4 16 0 -93 16 0 0 16 9.5148 -1 16 9.5148 -91.86 16
3 16 11.5148 -1 16 32 0 16 32 -79.1 16

0 // bottom outer
4 16 0 0 -19 0 0 -16 32 0 -16 40 0 -19
3 16 36 0 -16 40 0 -16 40 0 -19
4 16 36 0 -16 32 0 -16 32 0 16 36 0 16
3 16 36 0 -16 40 0 -19 32 0 -16
4 16 32 0 16 0 0 16 0 0 19 40 0 19
3 16 40 0 19 40 0 16 36 0 16
3 16 36 0 16 32 0 16 40 0 19
2 24 0 0 -19 40 0 -19
2 24 0 0 19 40 0 19
2 24 36 0 16 40 0 16
2 24 0 0 16 32 0 16
2 24 36 0 -16 40 0 -16
2 24 0 0 -16 32 0 -16

0 // top inner
2 24 0 -93 16 9.5148 -91.86 16
2 24 0 -93 -16 9.5148 -91.86 -16
4 16 0 -93 16 9.5148 -91.86 16 9.5148 -91.86 -16 0 -93 -16
5 24 22 -87.104 -16 22 -87.104 16 11.51 -91.5 16 32 -79.1 16
5 24 0 -93 -16 0 -93 16 9.5148 -91.86 16 -9.5148 -91.86 16

0 // internal reinforcement modified from 42025s01
0 // extended downwards and upwards for proper placement for this part
0 // cylindrical part was on correct height
0 BFC INVERTNEXT
1 16 11.5148 -15 0 0 -2 0 0 0 -8.4852 8.4852 0 0 2-4cylo.dat
1 16 11.5148 -15 0 0 -1 0 0 0 -8.4852 8.4852 0 0 2-4ndis.dat
1 16 9.5148 -15 0 0 1 0 0 0 -8.4852 8.4852 0 0 2-4ndis.dat
4 16 11.5148 -91.5 -16 11.5148 -23.4852 -8.4852 11.5148 -23.4852 8.4852 11.5148 -91.5 16
4 16 9.5148 -23.4852 8.4852 9.5148 -23.4852 -8.4852 9.5148 -91.86 -16 9.5148 -91.86 16
2 24 11.5148 -91.5 16 11.5148 -91.5 -16
2 24 9.5148 -91.86 16 9.5148 -91.86 -16
2 24 11.5148 -91.5 16 11.5148 -1 16
2 24 9.5148 -91.86 16 9.5148 -1 16
2 24 11.5148 -91.5 -16 11.5148 -1 -16
2 24 9.5148 -91.86 -16 9.5148 -1 -16
1 16 10.5148 -8 8.4852 -1 0 0 0 0 7 0 1 0 rect3.dat
1 16 10.5148 -8 -8.4852 1 0 0 0 0 7 0 -1 0 rect3.dat
4 16 11.5148 -1 -16 11.5148 -15 -8.4852 11.5148 -23.4852 -8.4852 11.5148 -91.5 -16
4 16 11.5148 -1 16 11.5148 -91.5 16 11.5148 -23.4852 8.4852 11.5148 -15 8.4852
4 16 9.5148 -23.4852 -8.4852 9.5148 -15 -8.4852 9.5148 -1 -16 9.5148 -91.86 -16
4 16 9.5148 -23.4852 8.4852 9.5148 -91.86 16 9.5148 -1 16 9.5148 -15 8.4852
3 16 11.5148 -15 8.4852 11.5148 -1 8.4852 11.5148 -1 16
3 16 11.5148 -1 -8.4852 11.5148 -15 -8.4852 11.5148 -1 -16
3 16 9.5148 -1 8.4852 9.5148 -15 8.4852 9.5148 -1 16
3 16 9.5148 -15 -8.4852 9.5148 -1 -8.4852 9.5148 -1 -16
1 16 10.5148 -1 12.2426 -1 0 0 0 -1 0 0 0 3.7574 rect3.dat
1 16 10.5148 -1 -12.2426 1 0 0 0 -1 0 0 0 -3.7574 rect3.dat