0 ~Duplo Bed  3 x  5 x  1.667 - Half, Mirrored
0 Name: s\4895s02.dat
0 Author: Gerald Lasser [GeraldLasser]
0 !LDRAW_ORG Subpart UPDATE 2025-03
0 !LICENSE Licensed under CC BY 4.0 : see CAreadme.txt

0 BFC CERTIFY CCW

0 !HISTORY 2025-03-30 [OrionP] Official Update 2025-03

0 // Higer Board
1 16 57.75 -60.5 79.5 0 0 -1.75 7.5 0 0 0 -1 0 rect2p.dat
0 BFC INVERTNEXT
1 16 59.5 -68 82.5 0 -3.5 0 -3 0 0 0 0 -3 1-4cylo.dat
1 16 57.75 -71 86.5 0 0 1.75 0 -1 0 4 0 0 rect2p.dat
0 BFC INVERTNEXT
1 16 59.5 -69 90.5 0 -3.5 0 -2 0 0 0 0 2 1-4cylo.dat
1 16 57.75 -41.25 92.5 0 0 -1.75 -27.75 0 0 0 1 0 rect2p.dat

1 16 56 -68 82.5 0 -1 0 -3 0 0 0 0 -3 1-4chrd.dat
1 16 56 -69 90.5 0 -1 0 -2 0 0 0 0 2 1-4chrd.dat
4 16 56 -49 79.5 56 -45 79.5 56 -13.5 92.5 56 -69 92.5
4 16 56 -53 79.5 56 -49 79.5 56 -69 92.5 56 -71 90.5
4 16 56 -68 79.5 56 -53 79.5 56 -71 90.5 56 -71 82.5

1 16 56 -61.25 73.5 0 0 3.5 8.75 0 0 0 1 0 rect2p.dat
1 16 59.5 -70 81 0 -7 0 -7.5 0 0 0 0 -7.5 1-4cylo.dat
4 16 59.5 -77.5 91 52.5 -77.5 89.5 52.5 -77.5 81 59.5 -77.5 81
2 24 52.5 -77.5 81 52.5 -77.5 89.5
2 24 59.5 -77.5 81 59.5 -77.5 91
0 BFC INVERTNEXT
1 16 52.5 -80.5 89.5 0 7 0 1.5 1.5 0 0 1.5 1.5 1-4con1.dat
1 16 59.5 -79 91 0 1 0 1.5 0 0 0 0 1.5 1-4edge.dat
1 16 52.5 -80.5 89.5 0 1 0 3 0 0 0 0 3 1-4edge.dat

1 16 59.5 -68 82.5 0 -1 0 -3 0 0 0 0 -3 1-4ndis.dat
1 16 59.5 -69 90.5 0 -1 0 -2 0 0 0 0 2 1-4ndis.dat
1 16 59.5 -70 81 0 -1 0 -7.5 0 0 0 0 -7.5 1-4chrd.dat
1 16 59.5 -79 91 0 -1 0 1.5 0 0 0 0 1.5 1-4ndis.dat
4 16 59.5 -52.5 73.5 59.5 -53 79.5 59.5 -68 79.5 59.5 -70 73.5
3 16 59.5 -71 79.5 59.5 -70 73.5 59.5 -68 79.5
3 16 59.5 -70 73.5 59.5 -71 79.5 59.5 -77.5 81
3 16 59.5 -77.5 81 59.5 -71 79.5 59.5 -71 82.5
4 16 59.5 -77.5 81 59.5 -71 82.5 59.5 -71 90.5 59.5 -77.5 91
4 16 59.5 -77.5 92.5 59.5 -77.5 91 59.5 -71 90.5 59.5 -71 92.5

4 16 59.5 -69 92.5 59.5 -13.5 92.5 59.5 -13.5 99.5 59.5 -79 99.5
3 16 59.5 -79 92.5 59.5 -77.5 92.5 59.5 -79 99.5
3 16 59.5 -79 99.5 59.5 -77.5 92.5 59.5 -71 92.5
3 16 59.5 -79 99.5 59.5 -71 92.5 59.5 -69 92.5
1 16 51 -79 99.5 0 0 8.5 -8.5 0 0 0 -7 0 1-4cylo.dat

1 16 52.5 -70 81 0 1 0 -7.5 0 0 0 0 -7.5 1-4chrd.dat
1 16 52.5 -80.5 89.5 0 1 0 3 0 0 0 0 3 1-4ndis.dat
4 16 52.5 -52.5 73.5 52.5 -77.5 89.5 52.5 -77.5 92.5 52.5 -18 92.5
4 16 52.5 -70 73.5 52.5 -77.5 81 52.5 -77.5 89.5 52.5 -52.5 73.5

1 16 51 -79 92.5 0 0 8.5 -8.5 0 0 0 1 0 1-4chrd.dat
3 16 51 -87.5 92.5 52.5 -80.5 92.5 59.5 -79 92.5
2 24 52.5 -18 92.5 52.5 -77.5 92.5
2 24 52.5 -77.5 92.5 52.5 -80.5 92.5

0 BFC INVERTNEXT
1 16 49.5 -77 99.5 0 0 4 -4 0 0 0 -3.5 0 1-4cylo.dat
1 16 53.5 -45.25 97.75 0 1 0 -31.75 0 0 0 0 1.75 rect2p.dat
4 16 53.5 -13.5 99.5 53.5 -77 99.5 59.5 -79 99.5 59.5 -13.5 99.5
2 24 59.5 -79 99.5 59.5 -13.5 99.5
1 16 51 -79 99.5 0 0 8.5 -8.5 0 0 0 -1 0 1-4chrd.dat
1 16 49.5 -77 99.5 0 0 4 -4 0 0 0 -1 0 1-4ndis.dat
3 16 59.5 -79 99.5 53.5 -77 99.5 53.5 -81 99.5
3 16 53.5 -81 99.5 51 -87.5 99.5 59.5 -79 99.5
3 16 51 -87.5 99.5 53.5 -81 99.5 49.5 -81 99.5
1 16 49.5 -77 96 0 0 4 -4 0 0 0 -1 0 1-4chrd.dat
3 16 49.5 -81 96 53.5 -77 96 53.5 -13.5 96

0 // Lower Board
0 BFC INVERTNEXT
1 16 59.5 -53 -82.5 0 -3.5 0 -3 0 0 0 0 3 1-4cylo.dat
1 16 57.75 -56 -86.5 0 0 1.75 0 -1 0 -4 0 0 rect2p.dat
0 BFC INVERTNEXT
1 16 59.5 -54 -90.5 0 -3.5 0 -2 0 0 0 0 -2 1-4cylo.dat
1 16 57.75 -33.75 -92.5 0 0 -1.75 -20.25 0 0 0 -1 0 rect2p.dat

1 16 56 -53 -82.5 0 -1 0 -3 0 0 0 0 3 1-4chrd.dat
1 16 56 -54 -90.5 0 -1 0 -2 0 0 0 0 -2 1-4chrd.dat
4 16 56 -13.5 -92.5 56 -45 -79.5 56 -49 -79.5 56 -54 -92.5
4 16 56 -54 -92.5 56 -49 -79.5 56 -53 -79.5 56 -56 -90.5
3 16 56 -56 -90.5 56 -53 -79.5 56 -56 -82.5

1 16 56 -53.75 -73.5 0 0 3.5 1.25 0 0 0 -1 0 rect2p.dat
1 16 59.5 -55 -81 0 -7 0 -7.5 0 0 0 0 7.5 1-4cylo.dat
4 16 52.5 -62.5 -81 52.5 -62.5 -89.5 59.5 -62.5 -91 59.5 -62.5 -81
2 24 52.5 -62.5 -89.5 52.5 -62.5 -81
2 24 59.5 -62.5 -91 59.5 -62.5 -81
0 BFC INVERTNEXT
1 16 52.5 -65.5 -89.5 0 7 0 1.5 1.5 0 0 -1.5 -1.5 1-4con1.dat
1 16 59.5 -64 -91 0 1 0 1.5 0 0 0 0 -1.5 1-4edge.dat
1 16 52.5 -65.5 -89.5 0 1 0 3 0 0 0 0 -3 1-4edge.dat

1 16 59.5 -53 -82.5 0 -1 0 -3 0 0 0 0 3 1-4ndis.dat
1 16 59.5 -54 -90.5 0 -1 0 -2 0 0 0 0 -2 1-4ndis.dat
1 16 59.5 -55 -81 0 -1 0 -7.5 0 0 0 0 7.5 1-4chrd.dat
1 16 59.5 -64 -91 0 -1 0 1.5 0 0 0 0 -1.5 1-4ndis.dat
4 16 59.5 -52.5 -73.5 59.5 -55 -73.5 59.5 -56 -79.5 59.5 -53 -79.5
3 16 59.5 -56 -79.5 59.5 -55 -73.5 59.5 -62.5 -81
3 16 59.5 -56 -79.5 59.5 -62.5 -81 59.5 -56 -82.5
4 16 59.5 -56 -90.5 59.5 -56 -82.5 59.5 -62.5 -81 59.5 -62.5 -91
4 16 59.5 -56 -90.5 59.5 -62.5 -91 59.5 -62.5 -92.5 59.5 -56 -92.5

4 16 59.5 -13.5 -99.5 59.5 -13.5 -92.5 59.5 -54 -92.5 59.5 -64 -99.5
3 16 59.5 -62.5 -92.5 59.5 -64 -92.5 59.5 -64 -99.5
3 16 59.5 -62.5 -92.5 59.5 -64 -99.5 59.5 -56 -92.5
3 16 59.5 -56 -92.5 59.5 -64 -99.5 59.5 -54 -92.5
1 16 51 -64 -99.5 0 0 8.5 -8.5 0 0 0 7 0 1-4cylo.dat

1 16 52.5 -55 -81 0 1 0 -7.5 0 0 0 0 7.5 1-4chrd.dat
1 16 52.5 -65.5 -89.5 0 1 0 3 0 0 0 0 -3 1-4ndis.dat
4 16 52.5 -62.5 -92.5 52.5 -62.5 -89.5 52.5 -52.5 -73.5 52.5 -18 -92.5
4 16 52.5 -62.5 -89.5 52.5 -62.5 -81 52.5 -55 -73.5 52.5 -52.5 -73.5

1 16 51 -64 -92.5 0 0 8.5 -8.5 0 0 0 -1 0 1-4chrd.dat
3 16 52.5 -65.5 -92.5 51 -72.5 -92.5 59.5 -64 -92.5
2 24 52.5 -62.5 -92.5 52.5 -18 -92.5
2 24 52.5 -65.5 -92.5 52.5 -62.5 -92.5

0 BFC INVERTNEXT
1 16 49.5 -62 -99.5 0 0 4 -4 0 0 0 3.5 0 1-4cylo.dat
1 16 53.5 -37.75 -97.75 0 1 0 -24.25 0 0 0 0 -1.75 rect2p.dat
4 16 59.5 -64 -99.5 53.5 -62 -99.5 53.5 -13.5 -99.5 59.5 -13.5 -99.5
2 24 59.5 -13.5 -99.5 59.5 -64 -99.5
1 16 51 -64 -99.5 0 0 8.5 -8.5 0 0 0 1 0 1-4chrd.dat
1 16 49.5 -62 -99.5 0 0 4 -4 0 0 0 1 0 1-4ndis.dat
3 16 53.5 -62 -99.5 59.5 -64 -99.5 53.5 -66 -99.5
3 16 51 -72.5 -99.5 53.5 -66 -99.5 59.5 -64 -99.5
3 16 53.5 -66 -99.5 51 -72.5 -99.5 49.5 -66 -99.5
1 16 49.5 -62 -96 0 0 4 -4 0 0 0 1 0 1-4chrd.dat
3 16 53.5 -62 -96 49.5 -66 -96 53.5 -13.5 -96
