0 ~Duplo Bed  3 x  5 x  1.667 without Patternable Surfaces
0 Name: s\4895s00.dat
0 Author: Gerald Lasser [GeraldLasser]
0 !LDRAW_ORG Subpart UPDATE 2025-03
0 !LICENSE Licensed under CC BY 4.0 : see CAreadme.txt

0 BFC CERTIFY CCW

0 !HISTORY 2025-03-30 [OrionP] Official Update 2025-03

1 16 0 0 0 1 0 0 0 1 0 0 0 1 s\4895s01.dat
1 16 0 0 0 -1 0 0 0 1 0 0 0 -1 s\4895s01.dat
0 BFC INVERTNEXT
1 16 0 0 0 53 0 0 0 -12.5 0 0 0 56 box5.dat
1 16 0 -18 0 52.5 0 0 0 1 0 0 0 92.5 rect.dat

1 16 0 0 0 1 0 0 0 1 0 0 0 1 s\4895s02.dat
1 16 0 0 0 -1 0 0 0 1 0 0 0 1 s\4895s02.dat

4 16 -52.5 -18 92.5 52.5 -18 92.5 52.5 -77.5 92.5 -52.5 -77.5 92.5
4 16 -52.5 -80.5 92.5 -52.5 -77.5 92.5 52.5 -77.5 92.5 52.5 -80.5 92.5
4 16 52.5 -80.5 92.5 51 -87.5 92.5 -51 -87.5 92.5 -52.5 -80.5 92.5
1 16 0 -87.5 96 51 0 0 0 1 0 0 0 3.5 rect2p.dat
4 16 -51 -87.5 99.5 51 -87.5 99.5 49.5 -81 99.5 -49.5 -81 99.5
1 16 0 -81 97.75 49.5 0 0 0 -1 0 0 0 -1.75 rect2p.dat
4 16 49.5 -81 96 53.5 -13.5 96 -53.5 -13.5 96 -49.5 -81 96

4 16 52.5 -62.5 -92.5 52.5 -18 -92.5 -52.5 -18 -92.5 -52.5 -62.5 -92.5
4 16 52.5 -62.5 -92.5 -52.5 -62.5 -92.5 -52.5 -65.5 -92.5 52.5 -65.5 -92.5
4 16 -51 -72.5 -92.5 51 -72.5 -92.5 52.5 -65.5 -92.5 -52.5 -65.5 -92.5
1 16 0 -72.5 -96 51 0 0 0 1 0 0 0 -3.5 rect2p.dat
4 16 49.5 -66 -99.5 51 -72.5 -99.5 -51 -72.5 -99.5 -49.5 -66 -99.5
1 16 0 -66 -97.75 49.5 0 0 0 -1 0 0 0 1.75 rect2p.dat
