0 ~Duplo Bed  3 x  5 x  1.667 - Half, Rotational Symmetric
0 Name: s\4895s01.dat
0 Author: Gerald Lasser [GeraldLasser]
0 !LDRAW_ORG Subpart UPDATE 2025-03
0 !LICENSE Licensed under CC BY 4.0 : see CAreadme.txt

0 BFC CERTIFY CCW

0 !HISTORY 2025-03-30 [OrionP] Official Update 2025-03

4 16 56 0 -60 53 0 -56 53 0 56 56 0 60
4 16 -56 0 60 56 0 60 53 0 56 -53 0 56
1 16 20 -12.5 -20 0 0 -1 0 -3.125 0 1 0 0 stud8.dat
1 16 20 -12.5 20 0 0 -1 0 -3.125 0 1 0 0 stud8.dat
1 16 40 -12.5 54 1.5 0 0 0 12 0 0 0 -2 box4-1.dat
1 16 0 -12.5 54 1.5 0 0 0 12 0 0 0 -2 box4-1.dat
1 16 -40 -12.5 54 1.5 0 0 0 12 0 0 0 -2 box4-1.dat
1 16 52.5 -12.5 -40 0 0 -.5 0 12 0 -1.5 0 0 box4-1.dat
1 16 52.5 -12.5 0 0 0 -.5 0 12 0 -1.5 0 0 box4-1.dat
1 16 52.5 -12.5 40 0 0 -.5 0 12 0 -1.5 0 0 box4-1.dat

1 16 0 -4.75 60 -56 0 0 0 0 4.75 0 -1 0 rect3.dat
0 BFC INVERTNEXT
1 16 56 -9.5 64 0 -112 0 -4 0 0 0 0 -4 1-4cylo.dat
1 16 56 -9.5 -64 0 -1 0 -4 0 0 0 0 4 1-4ndis.dat
1 16 56 -9.5 64 0 -1 0 -4 0 0 0 0 -4 1-4ndis.dat
4 16 56 -13.5 60 56 -13.5 -60 56 -9.5 -60 56 -9.5 60
4 16 56 0 60 56 -9.5 60 56 -9.5 -60 56 0 -60
2 24 56 0 60 56 0 -60

4 16 59.5 -13.5 99.5 59.5 -13.5 92.5 56 -13.5 92.5 53.5 -13.5 96
3 16 53.5 -13.5 99.5 59.5 -13.5 99.5 53.5 -13.5 96
4 16 -56 -13.5 92.5 -59.5 -13.5 92.5 -59.5 -13.5 99.5 -53.5 -13.5 96
3 16 -59.5 -13.5 99.5 -53.5 -13.5 99.5 -53.5 -13.5 96
4 16 53.5 -13.5 96 56 -13.5 92.5 -56 -13.5 92.5 -53.5 -13.5 96
4 16 -56 -13.5 64 -56 -13.5 92.5 56 -13.5 92.5 56 -13.5 64
2 24 56 -13.5 64 56 -13.5 92.5
2 24 56 -13.5 92.5 59.5 -13.5 92.5
2 24 59.5 -13.5 92.5 59.5 -13.5 99.5
2 24 59.5 -13.5 99.5 53.5 -13.5 99.5
2 24 53.5 -13.5 99.5 53.5 -13.5 96
2 24 53.5 -13.5 96 -53.5 -13.5 96
2 24 -53.5 -13.5 96 -53.5 -13.5 99.5
2 24 -53.5 -13.5 99.5 -59.5 -13.5 99.5
2 24 -59.5 -13.5 92.5 -59.5 -13.5 99.5
2 24 -59.5 -13.5 92.5 -56 -13.5 92.5
2 24 -56 -13.5 92.5 -56 -13.5 64

0 // Side
4 16 56 -45 75.5 56 -45 -75.5 56 -13.5 -60 56 -13.5 60
3 16 56 -45 75.5 56 -13.5 60 56 -13.5 64
3 16 56 -45 75.5 56 -13.5 64 56 -13.5 92.5
3 16 56 -45 -75.5 56 -13.5 -64 56 -13.5 -60
3 16 56 -13.5 -64 56 -45 -75.5 56 -13.5 -92.5
3 16 56 -45 -79.5 56 -13.5 -92.5 56 -45 -75.5
3 16 56 -45 79.5 56 -45 75.5 56 -13.5 92.5

1 16 59.5 -49 75.5 0 -3.5 0 4 0 0 0 0 4 1-4cylo.dat
1 16 59.5 -49 -75.5 0 -3.5 0 4 0 0 0 0 -4 1-4cylo.dat
1 16 57.75 -45 0 0 0 -1.75 0 -1 0 -75.5 0 0 rect2p.dat
1 16 56 -49 75.5 0 -1 0 4 0 0 0 0 4 1-4ndis.dat
1 16 56 -49 -75.5 0 -1 0 4 0 0 0 0 -4 1-4ndis.dat
1 16 59.5 -49 75.5 0 -1 0 4 0 0 0 0 4 1-4chrd.dat
1 16 59.5 -49 -75.5 0 -1 0 4 0 0 0 0 -4 1-4chrd.dat
0 BFC INVERTNEXT
1 16 59.5 -52.5 72 0 -7 0 1.5 0 0 0 0 1.5 1-4cylo.dat
0 BFC INVERTNEXT
1 16 59.5 -52.5 -72 0 -7 0 1.5 0 0 0 0 -1.5 1-4cylo.dat
1 16 56 -51 0 0 0 -3.5 0 1 0 72 0 0 rect2p.dat
1 16 59.5 -52.5 72 0 -1 0 1.5 0 0 0 0 1.5 1-4ndis.dat
1 16 59.5 -52.5 -72 0 -1 0 1.5 0 0 0 0 -1.5 1-4ndis.dat
1 16 52.5 -52.5 72 0 1 0 1.5 0 0 0 0 1.5 1-4ndis.dat
1 16 52.5 -52.5 -72 0 1 0 1.5 0 0 0 0 -1.5 1-4ndis.dat
4 16 59.5 -53 79.5 59.5 -52.5 73.5 59.5 -51 73.5 59.5 -49 79.5
4 16 59.5 -49 79.5 59.5 -51 73.5 59.5 -51 72 59.5 -45 75.5
4 16 59.5 -51 72 59.5 -51 -72 59.5 -45 -75.5 59.5 -45 75.5
4 16 59.5 -51 -72 59.5 -51 -73.5 59.5 -49 -79.5 59.5 -45 -75.5
4 16 59.5 -51 -73.5 59.5 -52.5 -73.5 59.5 -53 -79.5 59.5 -49 -79.5
1 16 57.75 -51 -79.5 0 0 -1.75 -2 0 0 0 1 0 rect2p.dat
1 16 57.75 -51 79.5 0 0 -1.75 -2 0 0 0 -1 0 rect2p.dat

0 // Inside
3 16 52.5 -51 73.5 52.5 -18 92.5 52.5 -51 72
4 16 52.5 -51 -72 52.5 -51 72 52.5 -18 92.5 52.5 -18 -92.5
3 16 52.5 -51 -72 52.5 -18 -92.5 52.5 -51 -73.5
3 16 52.5 -51 -73.5 52.5 -18 -92.5 52.5 -52.5 -73.5
3 16 52.5 -51 73.5 52.5 -52.5 73.5 52.5 -18 92.5
