0 ~Tricycle Frame Chain Stays Half
0 Name: s\50015s02.dat
0 Author: Gerald Lasser [GeraldLasser]
0 !LDRAW_ORG Subpart UPDATE 2025-02
0 !LICENSE Licensed under CC BY 4.0 : see CAreadme.txt

0 BFC CERTIFY CCW

0 !HISTORY 2025-02-27 [OrionP] Official Update 2025-02

1 16 4.5 0 0 0 0 4 4 0 0 0 32.9028 0 2-4cyli.dat
1 16 4.5 0 32.9028 0 0 4 4 0 0 0 .9302 0 3-8cyli.dat
1 16 4.5 0 33.833 0 0 4 -4 0 0 0 2.1595 0 1-4cyls2.dat
1 16 4.5 0 33.833 0 0 4 4 0 0 0 1.5 0 1-8cyls2.dat
1 16 4.5 0 32.9028 -4 0 0 0 0 -4 0 2.5 0 1-8cyls2.dat

0 BFC INVERTNEXT
1 16 0 -4 18 4.5 0 0 0 8 0 0 0 -3.5 1-4cylo.dat
1 16 0 -4 18 4.5 0 0 0 1 0 0 0 -3.5 1-4ndis.dat
1 16 0 4 18 4.5 0 0 0 -1 0 0 0 -3.5 1-4ndis.dat
3 16 4.5 -4 0 4.5 -4 14.5 0 -4 14.5
3 16 4.5 4 14.5 4.5 4 0 0 4 14.5
4 16 4.5 4 35.9925 4.5 4 18 4.5 -4 18 4.5 -4 32.9028

2 24 4.5 4 32.9028 4.5 4 18
2 24 4.5 4 33.833 4.5 4 32.9028
2 24 4.5 4 35.9925 4.5 4 33.833
2 24 4.5 -4 18 4.5 -4 32.9028

2 24 7.9398 1.9135 34.2135 8.1956 1.5308 34.1374
2 24 7.9398 1.9135 34.2135 7.3284 2.8284 34.8249
2 24 8.5 0 33.833 8.1956 1.5308 34.1374
2 24 6.0308 3.6956 35.5371 4.5 4 35.9925
2 24 6.2704 3.5355 35.2975 7.3284 2.8284 34.8249
2 24 6.2704 3.5355 35.2975 6.0308 3.6956 35.5371

2 24 8.5 0 33.833 8.1956 -1.5308 34.1374
2 24 7.3859 -2.7423 34.7674 7.9398 -1.9135 34.2135
2 24 8.1956 -1.5308 34.1374 7.9398 -1.9135 34.2135

2 24 7.3284 -2.8284 34.6397 7.3859 -2.7423 34.7674
2 24 7.3284 -2.8284 34.6397 6.0308 -3.6956 33.354
2 24 6.0308 -3.6956 33.354 4.5 -4 32.9028

0 // Rear Hub
0 BFC INVERTNEXT
1 16 8.5 0 38.833 0 -4 0 2 0 0 0 0 -2 4-4cylo.dat
1 16 4.5 0 38.833 0 1 0 2 0 0 0 0 -2 4-4ndis.dat
4 16 4.5 -2 36.833 4.5 -4 32.9028 4.5 -4.1304 41.4784 4.5 -2 38.833
4 16 4.5 -4.1304 41.4784 4.5 -3.5355 42.3685 4.5 -2 40.833 4.5 -2 38.833
4 16 4.5 -4 32.9028 4.5 -2 36.833 4.5 0 36.833 4.5 4 35.9925
4 16 4.5 2 36.833 4.5 2 38.833 4.5 4.6195 36.9195 4.5 4 35.9925
4 16 4.5 5 38.833 4.5 4.6195 36.9195 4.5 2 38.833 4.5 2 40.833
3 16 4.5 2 40.833 4.5 0 40.833 4.5 0 43.833
4 16 4.5 0 40.833 4.5 -2 40.833 4.5 -3.5355 42.3685 4.5 0 43.833

3 16 4.5 5 38.833 4.5 2 40.833 4.5 0 43.833
3 16 4.5 0 36.833 4.5 2 36.833 4.5 4 35.9925
1 16 4.5 0 38.833 0 1 0 5 0 0 0 0 5 1-4chrd.dat
1 16 4.5 0 38.833 0 1 0 0 0 -5 5 0 0 1-8chrd.dat
1 16 4.5 0 38.833 0 1 0 5 0 0 0 0 -5 1-16chrd.dat

1 16 8.5 0 38.833 0 -4 0 5 0 0 0 0 5 3-8cylo.dat
1 16 8.5 0 38.833 0 -4 0 5 0 0 0 0 -5 1-16cylo.dat
1 16 8.5 0 38.833 0 -1 0 5 0 0 0 0 5 1-4chrd.dat
1 16 8.5 0 38.833 0 -1 0 0 0 -5 5 0 0 1-8chrd.dat
1 16 8.5 0 38.833 0 -1 0 5 0 0 0 0 -5 1-16chrd.dat
4 16 8.5 -3.5355 42.3685 8.5 -2 40.833 8.5 0 40.833 8.5 0 43.833
3 16 8.5 0 43.833 8.5 0 40.833 8.5 2 40.833
3 16 8.5 0 43.833 8.5 2 40.833 8.5 5 38.833
3 16 8.5 5 38.833 8.5 2 40.833 8.5 2 38.833
4 16 8.5 2 38.833 8.5 2 36.833 8.5 4.6195 36.9195 8.5 5 38.833
4 16 8.5 4.6195 36.9195 8.5 2 36.833 8.5 1.9135 34.2135 8.5 3.5355 35.2975
4 16 8.5 2 36.833 8.5 0 36.833 8.5 0 33.833 8.5 1.9135 34.2135
4 16 8.5 0 36.833 8.5 -2 36.833 8.5 -1.9135 34.2135 8.5 0 33.833
3 16 8.5 -1.9135 34.2135 8.5 -2 36.833 8.5 -3.5355 35.2975
3 16 8.5 -3.5355 35.2975 8.5 -2 36.833 8.5 -2 38.833
4 16 8.5 -5 38.833 8.5 -4.628145 36.963106 8.5 -3.5355 35.2975 8.5 -2 38.833
4 16 8.5 -2 38.833 8.5 -2 40.833 8.5 -4.6195 40.7465 8.5 -5 38.833
3 16 8.5 -4.6195 40.7465 8.5 -2 40.833 8.5 -3.5355 42.3685
2 24 8.5 4.6195 36.9195 8.5 3.5355 35.2975
2 24 8.5 1.9135 34.2135 8.5 3.5355 35.2975
2 24 8.5 0 33.833 8.5 1.9135 34.2135
2 24 8.5 -1.9135 34.2135 8.5 0 33.833
2 24 8.5 -3.5355 35.2975 8.5 -1.9135 34.2135
2 24 8.5 -4.6281 36.9631 8.5 -3.5355 35.2975
2 24 8.5 -5 38.833 8.5 -4.6281 36.9631
2 24 8.5 -3.5355 42.3685 8.5 -4.6195 40.7465
2 24 4.5 -3.5355 42.3685 4.5 -4.1304 41.4784
2 24 8.5 -5 38.833 8.5 -4.6195 40.7465
2 24 4.5 4.6195 36.9195 4.5 4 35.9925
5 24 8.5 4.6195 36.9195 4.5 4.6195 36.9195 8.5 5 38.833 8.5 3.5355 35.2975

4 16 4.5 -3.5355 42.3685 4.5 -4.1304 41.4784 6.0308 -4.431 41.0286 8.5 -3.5355 42.3685
4 16 8.5 -4.6195 40.7465 8.5 -3.5355 42.3685 6.0308 -4.431 41.0286 6.3165 -4.6195 40.7465
4 16 8.5 -4.6195 40.7465 7.3284 -4.7772 39.9534 7.9669 -5 38.833 8.5 -5 38.833
3 16 6.3165 -4.6195 40.7465 7.3284 -4.7772 39.9534 8.5 -4.6195 40.7465
3 16 7.9669 -5 38.833 8.1956 -4.9321 38.4913 8.5 -5 38.833
3 16 8.5 -5 38.833 8.1956 -4.9321 38.4913 8.5 -4.628145 36.963106

3 16 7.913 -3.5355 35.2975 8.5 -3.5355 35.2975 8.1956 -3.7755 35.6566
3 16 8.1956 -3.7755 35.6566 8.5 -3.5355 35.2975 8.5 -4.628145 36.963106
3 16 8.1956 -1.5308 34.1374 8.5 -1.9135 34.2135 7.9398 -1.9135 34.2135
3 16 7.3859 -2.7423 34.7674 7.9398 -1.9135 34.2135 7.913 -3.5355 35.2975
4 16 8.5 -3.5355 35.2975 7.913 -3.5355 35.2975 7.9398 -1.9135 34.2135 8.5 -1.9135 34.2135
3 16 8.5 -1.9135 34.2135 8.1956 -1.5308 34.1374 8.5 0 33.833

4 16 8.5 4.6195 36.9195 8.5 3.5355 35.2975 6.2704 3.5355 35.2975 6.0308 3.6956 35.5371
4 16 4.5 4 35.9925 4.5 4.6195 36.9195 8.5 4.6195 36.9195 6.0308 3.6956 35.5371
3 16 8.5 1.9135 34.2135 8.1956 1.5308 34.1374 7.9398 1.9135 34.2135
3 16 8.5 0 33.833 8.1956 1.5308 34.1374 8.5 1.9135 34.2135
3 16 8.5 3.5355 35.2975 7.3284 2.8284 34.8249 6.2704 3.5355 35.2975
4 16 8.5 3.5355 35.2975 8.5 1.9135 34.2135 7.9398 1.9135 34.2135 7.3284 2.8284 34.8249

1 16 8.5 0 38.833 0 -1 0 2 0 0 0 0 -2 4-4ndis.dat

2 24 8.5 -4.628145 36.963106 8.1956 -3.7755 35.6566
2 24 8.1956 -3.7755 35.6566 7.913 -3.5355 35.2975
2 24 7.3859 -2.7423 34.7674 7.913 -3.5355 35.2975
2 24 8.1956 -4.9321 38.4913 7.9669 -5 38.833
2 24 7.3284 -4.7772 39.9534 7.9669 -5 38.833
2 24 8.1956 -4.9321 38.4913 8.5 -4.628145 36.963106
2 24 6.0308 -4.431 41.0286 4.5 -4.1304 41.4784
2 24 6.3165 -4.6195 40.7465 6.0308 -4.431 41.0286
2 24 6.3165 -4.6195 40.7465 7.3284 -4.7772 39.9534

5 24 4.5 -3.5355 42.3685 8.5 -3.5355 42.3685 8.5 -4.6195 40.7465 8.5 -1.9134 43.4524
5 24 6.3165 -4.6195 40.7465 8.5 -4.6195 40.7465 8.5 -3.5355 42.3685 8.5 -5 38.833
5 24 7.9669 -5 38.833 8.5 -5 38.833 8.5 -4.6195 40.7465 8.5 -4.628145 36.963106
5 24 7.913 -3.5355 35.2975 8.5 -3.5355 35.2975 8.5 -4.628145 36.963106 8.5 -1.9135 34.2135
5 24 7.9398 -1.9135 34.2135 8.5 -1.9135 34.2135 8.5 -3.5355 35.2975 8.5 0 33.833
5 24 7.9398 1.9135 34.2135 8.5 1.9135 34.2135 8.5 0 33.833 8.5 3.5355 35.2975
5 24 6.2704 3.5355 35.2975 8.5 3.5355 35.2975 8.5 4.6195 36.9195 8.5 1.9135 34.2135

0 // Seatstay
1 16 4.5 -5.4984 36.6115 0 0 4 -1.498428 -21.389949 0 3.708736 -8.642109 0 2-4cyli.dat
1 16 4.5 -5.4984 36.6115 0 0 4 -1.498428 .870255 0 3.708736 .351606 0 3-8cyli.dat
1 16 4.5 -4.6281 36.9631 0 0 4 1.498428 1.996134 0 -3.708736 .806491 0 1-4cyls2.dat
1 16 4.5 -4.6281 36.9631 0 0 4 -1.498428 1.996134 0 3.708736 .806491 0 1-8cyls2.dat
1 16 4.5 -5.4984 36.6115 -4 0 0 0 2.31796 1.498428 0 .936518 -3.708736 1-8cyls2.dat
1 16 4.5 -26.8883 27.9694 0 0 4 -1.498428 -3.708736 0 3.708736 -1.498428 0 2-8sphe.dat
1 16 4.5 -26.8883 27.9694 0 1 0 -1.498428 0 -3.708736 3.708736 0 -1.498428 2-4edge.dat

4 16 4.5 -25.3899 24.2607 4.5 -28.3868 31.6781 4.5 -4.1304 41.4784 4.5 -4 32.9028
2 24 4.5 -25.3899 24.2607 4.5 -4 32.9028
2 24 4.5 -6.9968 40.3202 4.5 -28.3868 31.6781
2 24 4.5 -6.1266 40.6718 4.5 -6.9968 40.3202
2 24 4.5 -4.1304 41.4783 4.5 -6.9968 40.3202
