0 ~Tile  1 x  2 Cut Right 45 Degree without Patternable Surfaces
0 Name: s\5092s01.dat
0 Author: Gerald Lasser [GeraldLasser]
0 !LDRAW_ORG Subpart UPDATE 2025-03
0 !LICENSE Licensed under CC BY 4.0 : see CAreadme.txt

0 BFC CERTIFY CCW

0 !HISTORY 2025-03-30 [OrionP] Official Update 2025-03

0 // Bottom
4 16 -4 8 6 0 8 6 0 8 -4 -4 8 -6
4 16 5.0503 8 -3.5355 -.4142 8 -9 -4 8 -6 0 8 -4
3 16 0 8 -4 2.7574 8 -1.2426 5.0503 8 -3.5355
4 16 -19 8 -9 -16 8 -6 -4 8 -6 -.4142 8 -9
4 16 -19 8 9 -16 8 6 -16 8 -6 -19 8 -9
3 16 -4 8 6 -16 8 6 -19 8 9
4 16 -19 8 9 16 8 9 0 8 6 -4 8 6
4 16 16 8 7.4142 13.5355 8 4.9497 12.5 8 6 16 8 9
3 16 12.5 8 6 0 8 6 16 8 9
0 BFC INVERTNEXT
1 16 -10 8 0 0 0 -6 0 -4 0 -6 0 0 box5.dat
1 16 1.3787 6 -2.6213 0 0 1.3787 -2 0 0 0 -1 1.3787 rect3.dat
0 BFC INVERTNEXT
1 16 6.25 6 1 0 0 -6.25 -2 0 0 0 5 0 box2-5.dat
4 16 13.5355 8 4.9497 13.5355 7 4.9497 12.5 4 6 12.5 8 6
4 16 12.5 4 6 13.5355 7 4.9497 14.2426 7 4.2426 14.2426 4 4.2426
4 16 5.7574 7 -4.2426 5.0503 7 -3.5355 2.7574 4 -1.2426 5.7574 4 -4.2426
4 16 2.7574 4 -1.2426 5.0503 7 -3.5355 5.0503 8 -3.5355 2.7574 8 -1.2426
2 24 13.5355 7 4.9497 14.2426 7 4.2426
2 24 5.0503 7 -3.5355 5.7574 7 -4.2426
2 24 13.5355 8 4.9497 12.5 8 6
2 24 2.7574 8 -1.2426 5.0503 8 -3.5355
3 16 2.7574 4 -1.2426 0 4 -4 0 4 6
3 16 2.7574 4 -1.2426 0 4 6 12.5 4 6
4 16 2.7574 4 -1.2426 12.5 4 6 14.2426 4 4.2426 5.7574 4 -4.2426
2 24 12.5 4 6 14.2426 4 4.2426
2 24 14.2426 4 4.2426 5.7574 4 -4.2426
2 24 5.7574 4 -4.2426 2.7574 4 -1.2426

0 // Lip
1 16 2.318 7.5 -6.2678 2.73225 -1 0 0 0 .5 2.73225 0 0 rect.dat
1 16 -9.7071 7.5 0 0 -9.2929 0 .5 0 0 0 0 -9 box2-7.dat
1 16 -1.5 7.5 8.2071 0 0 17.5 -.5 0 0 0 .7929 0 box2-5.dat
1 16 14.76775 7.5 6.18195 0 0 -1.23225 -.5 0 0 0 1 -1.23225 rect3.dat
4 16 13.5355 7 4.9497 16 7 7.4142 17 7 7 14.2426 7 4.2426
4 16 -.4142 7 -9 5.0503 7 -3.5355 5.7574 7 -4.2426 0 7 -10
4 16 -.4142 7 -9 0 7 -10 -20 7 -10 -19 7 -9
4 16 -19 7 -9 -20 7 -10 -20 7 10 -19 7 9
4 16 -19 7 9 -20 7 10 17 7 10 16 7 9
4 16 16 7 9 17 7 10 17 7 7 16 7 7.4142

0 // Outside
1 16 -10 3.5 0 0 -10 0 3.5 0 0 0 0 -10 box2-5.dat
4 16 0 0 -10 0 7 -10 5.7574 7 -4.2426 5.7574 4 -4.2426
4 16 14.2426 4 4.2426 14.2426 7 4.2426 17 7 7 17 0 7
4 16 5.7574 4 -4.2426 14.2426 4 4.2426 17 0 7 0 0 -10
2 24 14.2426 7 4.2426 14.2426 4 4.2426
2 24 5.7574 4 -4.2426 5.7574 7 -4.2426
2 24 17 7 7 14.2426 7 4.2426
2 24 5.7574 7 -4.2426 0 7 -10
2 24 0 0 -10 17 0 7
2 24 17 0 7 17 7 7
1 16 -1.5 3.5 8.5 0 0 18.5 -3.5 0 0 0 1.5 0 box2-7.dat
