0 ~Slope Brick 45  6 x  8 Double Inverted with Open Centre and  4 Holes - Quarter
0 Name: s\5117s02.dat
0 Author: Gerald Lasser [GeraldLasser]
0 !LDRAW_ORG Subpart UPDATE 2025-02
0 !LICENSE Licensed under CC BY 4.0 : see CAreadme.txt

0 BFC CERTIFY CCW

0 !HISTORY 2025-02-27 [OrionP] Official Update 2025-02

1 16 30 24 -70 1 0 0 0 1 0 0 0 1 s\5117s03.dat
1 16 0 0 0 1 0 0 0 1 0 0 0 1 s\5118s04.dat

1 16 32.5 20 -40 -4.5 0 0 0 3.5 0 0 0 1.5 box3u5p.dat
1 16 32.5 20 -20 -4.5 0 0 0 3.5 0 0 0 1.5 box3u5p.dat

1 16 32.3508 21.75 -60 4.6492 0 0 0 1.75 0 0 0 1.5 box2-5.dat
2 24 28 23.5 -60 27.7018 23.5 -58.5
2 24 27.7018 23.5 -61.5 28 23.5 -60

1 16 50 0 -30 1 0 0 0 1 0 0 0 1 stud2a.dat
1 16 50 0 -10 1 0 0 0 1 0 0 0 1 stud2a.dat
1 16 50 0 -30 1 0 0 0 3 0 0 0 1 stud2s2e.dat
1 16 50 3 -30 1 0 0 0 6 0 0 0 1 stud2s2.dat
1 16 50 0 -10 1 0 0 0 3 0 0 0 1 stud2s2e.dat
1 16 50 3 -10 1 0 0 0 6 0 0 0 1 stud2s2.dat

2 24 43 0 -57 43 0 -1.5
2 24 57 0 -1.5 43 0 -1.5
2 24 57 0 -77 57 0 -1.5
3 16 40 0 -60 43 0 -57 43 0 -1.5
3 16 57 0 -1.5 57 0 -77 60 0 -80
2 24 57 0 -1.5 57 2 -1.5
4 16 57 0 -77 57 0 -1.5 57 2 -1.5 57 2 -77
2 24 57 2 -1.5 43 16 -1.5
4 16 57 2 -1.5 43 16 -1.5 43 16 -57 50 9 -57
3 16 57 2 -1.5 50 9 -57 57 2 -77
4 16 43 0 -1.5 43 0 -57 43 16 -57 43 16 -1.5
2 24 43 0 -1.5 43 16 -1.5
2 24 43 16 -57 43 16 -1.5
2 24 57 2 -77 57 2 -1.5
4 16 57 0 -1.5 43 0 -1.5 43 16 -1.5 57 2 -1.5

0 // Fillets
2 24 48.5 0 -44.2983 50 0 -44
2 24 50 0 -44 51.5 0 -44.2983
2 24 48.5 0 -35.7017 50 0 -36
2 24 50 0 -36 51.5 0 -35.7017
1 16 48.5 5.25 -40 0 1 0 0 0 -5.25 -4.2983 0 0 rect.dat
4 16 50 0 -36 48.5 0 -35.7017 48.5 0 -44.2983 50 0 -44
4 16 50 0 -44 51.5 0 -44.2983 51.5 0 -35.7017 50 0 -36
1 16 51.5 3.75 -40 0 -1 0 3.75 0 0 0 0 4.2983 rect.dat

2 24 50 0 -24 51.5 0 -24.2983
2 24 48.5 0 -15.7017 50 0 -16
2 24 50 0 -16 51.5 0 -15.7017
2 24 48.5 0 -24.2983 50 0 -24
1 16 48.5 5.25 -20 0 1 0 0 0 -5.25 -4.2983 0 0 rect.dat
4 16 50 0 -16 48.5 0 -15.7017 48.5 0 -24.2983 50 0 -24
4 16 50 0 -24 51.5 0 -24.2983 51.5 0 -15.7017 50 0 -16
1 16 51.5 3.75 -20 0 -1 0 3.75 0 0 0 0 4.2983 rect.dat

0 // Bottom Corner
1 16 40 10 -76 -8.31492 0 3.44415 3.44415 0 8.31492 0 11.5 0 1-8cylo.dat
3 16 37 18.4032 -76 37 18.4032 -64.5 37 24 -76
4 16 37 18.4032 -76 36.5559 18.3148 -76 36.5559 18.3148 -64.5 37 18.4032 -64.5
1 16 40 10 -61.5 -2.77164 0 1.14805 1.14805 0 2.77164 0 -3 0 1-8con3.dat
4 16 27.7018 23.5 -61.5 37 23.5 -61.5 37 21.4034 -61.5 35.4078 21.0865 -61.5
3 16 31.5148 18.4852 -61.5 28.9132 14.5924 -61.5 27.7018 23.5 -61.5
4 16 27.7018 23.5 -61.5 28.9132 14.5924 -61.5 28.6849 13.4442 -61.5 27.7017 13.4442 -61.5
3 16 28.6849 13.4442 -61.5 28.9132 14.5924 -61.5 31.6851 13.4442 -64.5
4 16 37 18.4032 -64.5 36.5557 18.3151 -64.5 35.4078 21.0865 -61.5 37 21.4034 -61.5
3 16 31.5148 18.4852 -61.5 27.7018 23.5 -61.5 35.4078 21.0865 -61.5
4 16 37 18.4032 -64.5 37 21.4034 -61.5 37 23.5 -61.5 37 24 -76
1 16 40 10 -61.5 -11.08655 0 4.5922 4.5922 0 11.08655 0 -1 0 1-8edge.dat
2 24 37 18.4032 -76 36.5559 18.3148 -76
2 24 36.5559 18.3148 -64.5 37 18.4032 -64.5
2 24 37 18.4032 -76 37 24 -76
2 24 37 18.4032 -76 37 18.4032 -64.5
2 24 27.7018 23.5 -61.5 27.7017 13.4442 -61.5
2 24 28.6849 13.4442 -61.5 27.7017 13.4442 -61.5
2 24 37 21.4034 -61.5 37 18.4038 -64.4997
2 24 35.4078 21.0865 -61.5 37 21.4034 -61.5
2 24 28.6849 13.4442 -61.5 28.9132 14.5924 -61.5
2 24 31.68508 13.44415 -64.5 31.68508 13.44415 -76
3 16 31.6851 13.4442 -76 23.0616 13.4442 -76 31.6851 13.4442 -64.5
3 16 23.0616 13.4442 -67.3912 27.7017 13.4442 -61.5 28.6849 13.4442 -61.5
4 16 31.6851 13.4442 -64.5 23.0616 13.4442 -76 23.0616 13.4442 -67.3912 28.6849 13.4442 -61.5
2 24 31.6851 13.4442 -64.5 28.6849 13.4442 -61.5

2 24 37 21.4034 -61.5 37 23.5 -61.5
5 24 36.5559 18.3148 -76 36.5557 18.3151 -64.5 37 18.4032 -64.5 33.6359 16.3642 -64.5
5 24 31.6851 13.4442 -64.5 28.9132 14.5924 -61.5 28.6849 13.4442 -61.5 31.5146 18.4856 -61.5
5 24 36.5557 18.3151 -64.5 35.4078 21.0865 -61.5 37 21.4034 -61.5 31.5146 18.4856 -61.5
