0 ~Slope Brick 45  6 x  8 Double Inverted with Open Centre and  4 Holes - Half
0 Name: s\5117s01.dat
0 Author: Gerald Lasser [GeraldLasser]
0 !LDRAW_ORG Subpart UPDATE 2025-02
0 !LICENSE Licensed under CC BY 4.0 : see CAreadme.txt

0 BFC CERTIFY CCW

0 !HISTORY 2025-02-27 [OrionP] Official Update 2025-02

1 16 0 0 0 1 0 0 0 1 0 0 0 1 s\5117s02.dat
1 16 0 0 0 1 0 0 0 1 0 0 0 -1 s\5117s02.dat

3 16 0 16 -66 -20 16 -80 20 16 -80
4 16 40 24 -80 20 16 -80 -20 16 -80 -40 24 -80
4 16 37 20 -58.5 8 20 -12 8 20 12 37 20 58.5
4 16 8 20 -12 0 20 -12 0 20 12 8 20 12
3 16 0 20 -68 23.0616 20 -76 -23.0616 20 -76
4 16 -23.0616 20 -76 23.0616 20 -76 37 24 -76 -37 24 -76
1 16 40 8 0 0 1 0 0 0 -8 -60 0 0 rect2p.dat
4 16 0 16 14 0 16 -14 6 16 -14 6 16 14
4 16 40 16 60 6 16 14 6 16 -14 40 16 -60
4 16 57 0 1.5 43 0 1.5 43 0 -1.5 57 0 -1.5
4 16 40 0 -60 43 0 -1.5 43 0 1.5 40 0 60
4 16 60 0 80 57 0 1.5 57 0 -1.5 60 0 -80
1 16 50 12 0 0 0 10 0 2 -10 -80 0 0 box2-9p.dat
4 16 -40 24 -80 -37 24 -76 37 24 -76 40 24 -80
4 16 40 24 80 40 24 -80 37 24 -76 37 24 76
4 16 37 23.5 -61.5 37 20 -58.5 37 20 58.5 37 23.5 61.5
4 16 37 23.5 -61.5 37 23.5 61.5 37 24 76 37 24 -76
1 16 12 20 0 1.5 0 0 0 3.5 0 0 0 1.5 boxjcyl4.dat
1 16 8 20 0 -1.5 0 0 0 3.5 0 0 0 1.5 boxjcyl4.dat
1 16 10 20 0 2 0 0 0 3.5 0 0 0 1.5 box3u8p.dat
1 16 28 20 0 -1.5 0 0 0 3.5 0 0 0 1.5 boxjcyl4.dat
1 16 32.5 20 0 -4.5 0 0 0 3.5 0 0 0 1.5 box3u5p.dat
2 24 -20 16 -80 20 16 -80
2 24 40 24 -80 -40 24 -80
1 16 0 20 -60 1 0 0 0 -1 0 0 0 1 stud4h.dat
1 16 0 20 -40 1 0 0 0 -1 0 0 0 1 stud4.dat
1 16 0 20 -20 1 0 0 0 -1 0 0 0 1 stud4h.dat
1 16 20 20 0 1 0 0 0 -1 0 0 0 1 stud4.dat
2 24 23.0616 20 -76 -23.0616 20 -76
2 24 37 20 -58.5 37 20 58.5
