0 ~Slope Brick 45  6 x  8 Double Inverted Family - Common Inside Area
0 Name: s\5124s02.dat
0 Author: Gerald Lasser [GeraldLasser]
0 !LDRAW_ORG Subpart UPDATE 2025-02
0 !LICENSE Licensed under CC BY 4.0 : see CAreadme.txt

0 BFC CERTIFY CCW

0 !HISTORY 2025-02-27 [OrionP] Official Update 2025-02

1 16 0 16 -60 0 0 6 0 1 0 -6 0 0 2-4ndis.dat
1 16 0 20 -60 0 0 8 0 -1 0 -8 0 0 2-4ndis.dat

1 16 12 20 -60 1.5 0 0 0 3.5 0 0 0 1.5 boxjcyl4.dat
1 16 8 20 -60 -1.5 0 0 0 3.5 0 0 0 1.5 boxjcyl4.dat
1 16 10 20 -60 2 0 0 0 3.5 0 0 0 1.5 box3u8p.dat

1 16 20 20 -60 1 0 0 0 -1 0 0 0 1 stud4a.dat

4 16 32 15.6568 -60 34.3432 15.6568 -60 34.8567 16 -60 20 16 -60
2 24 40 16 -60 34.8567 16 -60
2 24 34.8567 16 -60 20 16 -60
4 16 36.9384 17.3912 -60 40 18 -60 40 16 -60 34.8567 16 -60
1 16 40 10 -60 0 0 -8 8 0 0 0 1 0 1-16chrd.dat

1 16 20 20 -60 7.39104 0 -3.06147 0 -6.5558 0 -3.06147 0 -7.39104 1-8cyli.dat
1 16 20 13.4442 -60 7.39104 0 -3.06147 0 -1 0 -3.06147 0 -7.39104 1-8edge.dat
5 24 23.0614 13.4442 -67.391 23.0614 20 -67.391 25.657 13.4442 -65.657 19.9999 13.4442 -68.6591
1 16 23.0616 16.7221 -71.6956 0 -1 0 0 0 3.2779 -4.3044 0 0 rect.dat
4 16 27.391 20 -63.0615 27.7016 20 -61.5 27.7017 13.4442 -61.5 27.391 13.4442 -63.0615
2 24 27.7017 13.4442 -61.5 27.391 13.4442 -63.0615
1 16 20 20 -60 8 0 0 0 -1 0 0 0 8 3-4ndis.dat
4 16 12 20 -60 8 20 -60 8 20 -52 12 20 -52
4 16 8 20 -68 8 20 -60 12 20 -60 12 20 -68
3 16 12 20 -68 20 20 -68 23.0616 20 -76
3 16 12 20 -68 23.0616 20 -76 8 20 -68
3 16 20 20 -68 23.0616 20 -67.3912 23.0616 20 -76
1 16 20 20 -60 8 0 0 0 -1 0 0 0 8 13-16edge.dat
1 16 20 20 -60 6 0 0 0 -1 0 0 0 6 4-4disc.dat
1 16 20 20 -60 6 0 0 0 -1 0 0 0 6 4-4edge.dat
4 16 6 16 -60 6 16 -66 20 16 -80 20 16 -60
3 16 6 16 -60 20 16 -60 6 16 -54
3 16 6 16 -66 0 16 -66 20 16 -80
3 16 8 20 -68 23.0616 20 -76 0 20 -68
