0 ~Sticker  2.7 x 10.7 - Backside
0 Name: s\6155286bs01.dat
0 Author: Evert-Jan Boer [ejboer]
0 !LDRAW_ORG Subpart UPDATE 2025-03
0 !LICENSE Licensed under CC BY 4.0 : see CAreadme.txt

0 BFC CERTIFY CCW

0 !HISTORY 2025-03-30 [OrionP] Official Update 2025-03

1 16 -68 0 -19 0 0 10 0 -1 0 10 0 0 48\1-4ndis.dat
1 16 68 0 19 0 0 -10 0 -1 0 -10 0 0 48\1-4ndis.dat
1 16 -68 0 19 0 0 10 0 -1 0 -10 0 0 48\1-4ndis.dat
1 16 68 0 -19 0 0 -10 0 -1 0 10 0 0 48\1-4ndis.dat
1 16 -54.5 0 24 0 0 -3.5 0 -1 0 3.5 0 0 1-4chrd.dat
1 16 54.5 0 24 3.5 0 0 0 -1 0 0 0 3.5 1-4chrd.dat
1 16 54.5 0 -24 0 0 3.5 0 -1 0 -3.5 0 0 1-4chrd.dat
1 16 -54.5 0 -24 -3.5 0 0 0 -1 0 0 0 -3.5 1-4chrd.dat
1 16 -104 0 -5.5 -3.5 0 0 0 -1 0 0 0 -3.5 1-4chrd.dat
1 16 -104 0 5.5 0 0 -3.5 0 -1 0 3.5 0 0 1-4chrd.dat
1 16 104 0 -5.5 0 0 3.5 0 -1 0 -3.5 0 0 1-4chrd.dat
1 16 104 0 5.5 3.5 0 0 0 -1 0 0 0 3.5 1-4chrd.dat
0 BFC INVERTNEXT
1 16 -68 -.25 -19 0 0 10 0 .25 0 10 0 0 48\1-4cyli.dat
0 BFC INVERTNEXT
1 16 68 -.25 19 0 0 -10 0 .25 0 -10 0 0 48\1-4cyli.dat
0 BFC INVERTNEXT
1 16 -68 -.25 19 0 0 10 0 .25 0 -10 0 0 48\1-4cyli.dat
0 BFC INVERTNEXT
1 16 68 -.25 -19 0 0 -10 0 .25 0 10 0 0 48\1-4cyli.dat
1 16 -54.5 -.25 24 0 0 -3.5 0 .25 0 3.5 0 0 1-4cyli.dat
1 16 54.5 -.25 24 3.5 0 0 0 .25 0 0 0 3.5 1-4cyli.dat
1 16 54.5 -.25 -24 0 0 3.5 0 .25 0 -3.5 0 0 1-4cyli.dat
1 16 -54.5 -.25 -24 -3.5 0 0 0 .25 0 0 0 -3.5 1-4cyli.dat
1 16 -104 -.25 -5.5 -3.5 0 0 0 .25 0 0 0 -3.5 1-4cyli.dat
1 16 -104 -.25 5.5 0 0 -3.5 0 .25 0 3.5 0 0 1-4cyli.dat
1 16 104 -.25 -5.5 0 0 3.5 0 .25 0 -3.5 0 0 1-4cyli.dat
1 16 104 -.25 5.5 3.5 0 0 0 .25 0 0 0 3.5 1-4cyli.dat

4 16 -104 0 -9 -107.5 0 -5.5 -107.5 0 5.5 -104 0 9
4 16 -68 0 -9 -104 0 -9 -104 0 9 -68 0 9
4 16 -58 0 -9 -68 0 -9 -68 0 9 -58 0 9
3 16 -58 0 19 -58 0 24 -54.5 0 27.5
3 16 -58 0 -24 -58 0 -19 -54.5 0 -27.5
3 16 -54.5 0 -27.5 -58 0 -19 -58 0 -9
4 16 -54.5 0 -27.5 -58 0 -9 -58 0 9 -54.5 0 27.5
3 16 -54.5 0 27.5 -58 0 9 -58 0 19
4 16 107.5 0 5.5 107.5 0 -5.5 104 0 -9 104 0 9
4 16 104 0 9 104 0 -9 68 0 -9 68 0 9
4 16 68 0 9 68 0 -9 58 0 -9 58 0 9
3 16 58 0 24 58 0 19 54.5 0 27.5
3 16 58 0 -19 58 0 -24 54.5 0 -27.5
3 16 58 0 -19 54.5 0 -27.5 58 0 -9
4 16 58 0 9 58 0 -9 54.5 0 -27.5 54.5 0 27.5
3 16 58 0 9 54.5 0 27.5 58 0 19
4 16 -54.5 0 -27.5 -54.5 0 27.5 54.5 0 27.5 54.5 0 -27.5

4 16 58 -.25 24 58 -.25 19 58 0 19 58 0 24
4 16 58 -.25 -19 58 -.25 -24 58 0 -24 58 0 -19
4 16 68 0 9 68 -.25 9 104 -.25 9 104 0 9
4 16 107.5 0 5.5 107.5 -.25 5.5 107.5 -.25 -5.5 107.5 0 -5.5
4 16 104 -.25 -9 68 -.25 -9 68 0 -9 104 0 -9
4 16 -58 0 19 -58 -.25 19 -58 -.25 24 -58 0 24
4 16 -58 0 -24 -58 -.25 -24 -58 -.25 -19 -58 0 -19
4 16 -104 -.25 9 -68 -.25 9 -68 0 9 -104 0 9
4 16 -107.5 -.25 -5.5 -107.5 -.25 5.5 -107.5 0 5.5 -107.5 0 -5.5
4 16 -68 0 -9 -68 -.25 -9 -104 -.25 -9 -104 0 -9
4 16 54.5 0 -27.5 54.5 -.25 -27.5 -54.5 -.25 -27.5 -54.5 0 -27.5
4 16 -54.5 0 27.5 -54.5 -.25 27.5 54.5 -.25 27.5 54.5 0 27.5
