0 ~Sticker  0.7 x  0.7 - Black Sign Border and Backside
0 Name: s\6155286us01.dat
0 Author: Evert-Jan Boer [ejboer]
0 !LDRAW_ORG Subpart UPDATE 2025-02
0 !LICENSE Licensed under CC BY 4.0 : see CAreadme.txt

0 BFC CERTIFY CCW

0 !HISTORY 2025-02-27 [OrionP] Official Update 2025-02

1 14 -6.5 -.25 6.5 0 0 -1 0 1 0 1 0 0 1-4chrd.dat
1 14 6.5 -.25 6.5 1 0 0 0 1 0 0 0 1 1-4chrd.dat
1 14 -6.5 -.25 -6.5 -1 0 0 0 1 0 0 0 -1 1-4chrd.dat
1 14 6.5 -.25 -6.5 0 0 1 0 1 0 -1 0 0 1-4chrd.dat

3 14 5.5486 -.25 -4.8485 5.1592 -.25 -5.1087 7.5 -.25 -6.5
3 14 5.8086 -.25 -4.4592 5.5486 -.25 -4.8485 7.5 -.25 -6.5
3 14 5.9 -.25 -4 5.8086 -.25 -4.4592 7.5 -.25 -6.5
3 14 -5.8086 -.25 -4.4592 -6.5 -.25 -7.5 -5.5486 -.25 -4.8485
3 14 -5.5486 -.25 -4.8485 -6.5 -.25 -7.5 -5.1592 -.25 -5.1087
3 14 7.5 -.25 6.5 1.1087 -.25 4.6592 5.8087 -.25 -3.5408
3 14 -6.5 -.25 7.5 -1.1086 -.25 4.6592 -.8486 -.25 5.0485
3 14 -6.5 -.25 7.5 -.8486 -.25 5.0485 -.4592 -.25 5.3087
3 14 6.5 -.25 7.5 0 -.25 5.4 .4592 -.25 5.3086
3 14 7.5 -.25 6.5 .8485 -.25 5.0486 1.1087 -.25 4.6592
3 14 -5.1592 -.25 -5.1087 -6.5 -.25 -7.5 -4.7 -.25 -5.2
4 14 4.7 -.25 -5.2 6.5 -.25 -7.5 7.5 -.25 -6.5 5.1592 -.25 -5.1087
4 14 7.5 -.25 6.5 5.8087 -.25 -3.5408 5.9 -.25 -4 7.5 -.25 -6.5
4 14 -5.9 -.25 -4 -5.8087 -.25 -3.5408 -7.5 -.25 6.5 -7.5 -.25 -6.5
4 14 -7.5 -.25 -6.5 -6.5 -.25 -7.5 -5.8086 -.25 -4.4592 -5.9 -.25 -4
4 14 -5.8087 -.25 -3.5408 -1.1086 -.25 4.6592 -6.5 -.25 7.5 -7.5 -.25 6.5
4 14 6.5 -.25 7.5 -6.5 -.25 7.5 -.4592 -.25 5.3087 0 -.25 5.4
4 14 .4592 -.25 5.3086 .8485 -.25 5.0486 7.5 -.25 6.5 6.5 -.25 7.5
4 14 4.7 -.25 -5.2 -4.7 -.25 -5.2 -6.5 -.25 -7.5 6.5 -.25 -7.5

1 0 -4.7 -.25 -4 -.36955 0 -.15307 0 1 0 .15307 0 -.36955 5-16ring2.dat
1 0 -4.7 -.25 -4 -.36955 0 -.15307 0 1 0 .15307 0 -.36955 5-16ring1.dat
1 0 4.7 -.25 -4 .36955 0 .15307 0 1 0 .15307 0 -.36955 5-16ring2.dat
1 0 4.7 -.25 -4 .36955 0 .15307 0 1 0 .15307 0 -.36955 5-16ring1.dat
1 0 0 -.25 4.2 .36955 0 -.15307 0 1 0 .15307 0 .36955 3-8ring2.dat
1 0 0 -.25 4.2 .36955 0 -.15307 0 1 0 .15307 0 .36955 3-8ring1.dat
1 14 -4.7 -.25 -4 -.36955 0 -.15307 0 1 0 .15307 0 -.36955 5-16chrd.dat
1 14 4.7 -.25 -4 .36955 0 .15307 0 1 0 .15307 0 -.36955 5-16chrd.dat
1 14 0 -.25 4.2 .36955 0 -.15307 0 1 0 .15307 0 .36955 3-8chrd.dat

4 0 4.7 -.25 -4.8 -4.7 -.25 -4.8 -4.7 -.25 -5.2 4.7 -.25 -5.2
4 0 4.7 -.25 -4.4 -4.7 -.25 -4.4 -4.7 -.25 -4.8 4.7 -.25 -4.8
4 0 -5.8087 -.25 -3.5408 -5.4391 -.25 -3.6939 -.7391 -.25 4.5061 -1.1086 -.25 4.6592
4 0 .7391 -.25 4.5061 5.4391 -.25 -3.6939 5.8087 -.25 -3.5408 1.1087 -.25 4.6592
4 0 -5.4391 -.25 -3.6939 -5.0696 -.25 -3.8469 -.3695 -.25 4.3531 -.7391 -.25 4.5061
4 0 5.4391 -.25 -3.6939 .7391 -.25 4.5061 .3696 -.25 4.3531 5.0696 -.25 -3.8469

1 16 -6.5 0 6.5 0 0 -1 0 -1 0 1 0 0 1-4chrd.dat
1 16 6.5 0 6.5 1 0 0 0 -1 0 0 0 1 1-4chrd.dat
1 16 6.5 0 -6.5 0 0 1 0 -1 0 -1 0 0 1-4chrd.dat
1 16 -6.5 0 -6.5 -1 0 0 0 -1 0 0 0 -1 1-4chrd.dat
4 16 7.5 0 6.5 -7.5 0 6.5 -6.5 0 7.5 6.5 0 7.5
4 16 7.5 0 -6.5 -7.5 0 -6.5 -7.5 0 6.5 7.5 0 6.5
4 16 -6.5 0 -7.5 -7.5 0 -6.5 7.5 0 -6.5 6.5 0 -7.5

1 16 -6.5 -.25 6.5 0 0 -1 0 .25 0 1 0 0 1-4cyli.dat
1 16 6.5 -.25 6.5 1 0 0 0 .25 0 0 0 1 1-4cyli.dat
1 16 6.5 -.25 -6.5 0 0 1 0 .25 0 -1 0 0 1-4cyli.dat
1 16 -6.5 -.25 -6.5 -1 0 0 0 .25 0 0 0 -1 1-4cyli.dat
4 16 -6.5 -.25 -7.5 -6.5 0 -7.5 6.5 0 -7.5 6.5 -.25 -7.5
4 16 7.5 -.25 6.5 7.5 -.25 -6.5 7.5 0 -6.5 7.5 0 6.5
4 16 -6.5 -.25 7.5 6.5 -.25 7.5 6.5 0 7.5 -6.5 0 7.5
4 16 -7.5 -.25 -6.5 -7.5 -.25 6.5 -7.5 0 6.5 -7.5 0 -6.5
