0 ~Container Book Cover 16 x 12 x  2.5 with Pegholes and Studs without Inside Printable Area
0 Name: s\65196s01.dat
0 Author: Gerald Lasser [GeraldLasser]
0 !LDRAW_ORG Subpart UPDATE 2025-01
0 !LICENSE Licensed under CC BY 4.0 : see CAreadme.txt

0 BFC CERTIFY CCW

0 !HISTORY 2025-01-20 [OrionP] Official Update 2025-01

1 16 0 0 0 1 0 0 0 1 0 0 0 1 s\65196s02.dat
1 16 0 0 0 1 0 0 0 1 0 0 0 -1 s\65196s02.dat

0 // Grip
4 16 -217.5 6 -22 -217.5 6 22 -225 6 18.85 -225 6 -18.85
4 16 -230 2 -20 -230 -30 -15 -230 -30 15 -230 2 20
1 16 -225 -22 0 0 -1 0 0 0 -28 18.85 0 0 rect2p.dat
4 16 -228 -50 15 -228 -50 -15 -225 -50 -18.85 -225 -50 18.85
1 16 -228 -44 0 0 1 0 -6 0 0 0 0 15 rect1.dat
0 BFC INVERTNEXT
1 16 -230 -38 -15 0 0 2 8 0 0 0 30 0 1-4cyli.dat
2 24 -230 -30 15 -230 -30 -15
1 16 -230 -10 0 0 1 0 -1 0 0 0 0 1 stug2-2x2.dat
4 16 -230 2 -20 -230 2 20 -230 10 160 -230 10 -160
2 24 -230 10 -160 -230 10 160

0 // Inside Studs
4 16 -126 6 4 -126 6 -4 -120 6 -4 -120 6 4
4 16 -114 6 4 -120 6 4 -120 6 -4 -114 6 -4
4 16 -106 6 4 -114 6 4 -114 6 -4 -106 6 -4
4 16 -100 6 4 -106 6 4 -106 6 -4 -100 6 -4
4 16 -94 6 4 -100 6 4 -100 6 -4 -94 6 -4
1 16 -190 6 120 0 0 1 0 1 0 -1 0 0 stug2-2x2.dat
1 16 -190 6 -120 0 0 1 0 1 0 -1 0 0 stug2-2x2.dat

0 // Outside
4 16 -230 10 160 -10 10 120 -10 10 -120 -230 10 -160

1 16 -207 11.5 0 0 -1 0 0 0 -1.5 118.75736 0 0 rect2p.dat
4 16 -207 13 118.75736 -207 13 -118.75736 -210 13 -120 -210 13 120
1 16 -210 11.5 0 0 1 0 -1.5 0 0 0 0 120 rect3.dat

1 16 -220 10 140 0 0 -1 0 -1 0 -1 0 0 stug2-1x2.dat
1 16 -200 10 150 0 0 -1 0 -1 0 -1 0 0 stud2.dat
1 16 -200 10 -150 0 0 -1 0 -1 0 -1 0 0 stud2.dat
1 16 -220 10 -140 0 0 -1 0 -1 0 -1 0 0 stug2-1x2.dat
1 16 -120 10 0 0 0 -1 0 -1 0 -1 0 0 stug-1x4.dat
1 16 -100 10 0 0 0 -1 0 -1 0 -1 0 0 stug-1x4.dat

0 // Spine
1 16 -14 4 0 0 1 0 0 0 -2 -147.5 0 0 rect2p.dat
4 16 -12 2 -120 -12 2 120 -14 2 147.5 -14 2 -147.5
4 16 -12 2 -120 -10 2 -120 -10 2 120 -12 2 120
1 16 -10 6 0 0 -1 0 0 0 -4 120 0 0 rect2p.dat
