0 ~Technic Axle with  4 Wheel Pins - Quarter
0 Name: s\7222s01.dat
0 Author: Gerald Lasser [GeraldLasser]
0 !LDRAW_ORG Subpart UPDATE 2025-05
0 !LICENSE Licensed under CC BY 4.0 : see CAreadme.txt

0 BFC CERTIFY CCW

0 !HISTORY 2025-05-28 [OrionP] Official Update 2025-05

1 16 7 21.25 -20 0 -1 0 -1 0 0 0 0 1 wpin5a.dat
1 16 3.8 21.25 -20 0 -3.2 0 -1 0 0 0 0 1 wpin5e.dat
1 16 3.8 21.25 -20 0 1 0 0 0 .25 -.25 0 0 4-4ring15.dat
1 16 2.5 21.25 -20 0 1.3 0 0 0 3.75 -3.75 0 0 4-4cylo.dat

1 16 2.5 21.25 -20 0 -1 0 0 0 6.25 6.25 0 0 3-4chrd.dat
1 16 2.5 21.25 -20 0 -1 0 -6.25 0 0 0 0 6.25 3-16chrd.dat
3 16 2.5 19.25 -14.15 2.5 18.8581 -14.2256 2.5 15 -20
3 16 2.5 21.25 -13.75 2.5 19.25 -14.15 2.5 15 -20
1 16 2.5 21.25 -20 0 -1 0 0 0 6.25 6.25 0 0 5-8edge.dat

1 16 2.5 21.25 -20 0 -.25 0 0 0 6.25 6.25 0 0 5-8cyli.dat
1 16 2.5 21.25 -20 0 -.25 0 -6.25 0 0 0 0 6.25 3-16cylo.dat
1 16 2.5 21.25 -20 0 -.25 0 -6.25 0 0 0 0 -6.25 1-8cylo.dat
4 16 2.25 18.8581 -14.2256 2.5 18.8581 -14.2256 2.5 19.25 -14.15 2.25 19.25 -14.15
2 24 2.25 18.8581 -14.2256 2.25 19.25 -14.15
2 24 2.5 18.8581 -14.2256 2.5 19.25 -14.15
1 16 2.375 19.25 -13.575 .125 0 0 0 1 0 0 0 .575 rect.dat
5 24 2.5 18.858125 -14.225625 2.25 18.858125 -14.225625 2.25 19.25 -14.15 2.25 16.830625 -15.580625

2 24 2.5 19.25 -13 2.5 5.0433 -11.0098
4 16 2.25 19.25 -13 2.5 19.25 -13 2.5 5.0433 -11.0098 2.25 5.3567 -11.0537
2 24 2.25 19.25 -13 2.25 5.3567 -11.0537
1 16 2.25 21.25 -20 0 -1 0 -6.25 0 0 0 0 6.25 3-16tndis.dat
4 16 2.25 19.25 -14.15 2.25 19.25 -13 2.25 15 -14.2256 2.25 18.8581 -14.2256
3 16 2.25 15 -14.2256 2.25 19.25 -13 2.25 5.3567 -11.0537
3 16 2.25 16.8306 -24.4194 2.25 15 -20 2.25 5.3567 -11.0537
3 16 2.25 15 -14.2256 2.25 5.3567 -11.0537 2.25 15 -20
2 24 2.25 5.3567 -11.0537 2.25 16.8306 -24.4194

3 16 2.5 19.25 -13 2.5 19.25 -14.15 2.5 21.25 -13.75
3 16 2.5 19.25 -13 2.5 21.25 -13.75 2.5 19.25 -10.5
4 16 2.5 19.25 -10.5 2.5 5 -8.5029 2.5 5.0433 -11.0098 2.5 19.25 -13
1 16 2.5 6 -8.7 0 -1 0 -2.5 0 0 0 0 -2.5 3-16chrd.dat
4 16 2.5 5 -8.5029 2.5 3.5 -8.5029 2.5 3.5 -8.7 2.5 5.0433 -11.0098
3 16 2.5 5 -8.5029 2.5 19.25 -10.5 2.5 5 -8.3
4 16 2.25 5 -8.3 2.5 5 -8.3 2.5 19.25 -10.5 2.25 19.25 -10.5
2 24 2.5 5 -8.3 2.5 19.25 -10.5
2 24 2.25 19.25 -10.5 2.25 5 -8.3
2 24 2.5 3.5 -8.5029 2.5 5 -8.5029
2 24 2.5 5 -8.3 2.25 5 -8.3
2 24 2.5 5 -8.5029 2.5 5 -8.3
2 24 0 3.5597 -9 1.5087 3.5 -8.7
2 24 2.5 3.5 -8.5029 1.5087 3.5 -8.7
2 24 2.5 3.5 -8.7 2.5 3.5 -8.5029