0 ~Train Track  9V Straight - Metal Rail, Clamp
0 Name: s\u9611s02.dat
0 Author: Max Martin Richter [MMR1988]
0 !LDRAW_ORG Subpart UPDATE 2025-02
0 !LICENSE Licensed under CC BY 4.0 : see CAreadme.txt

0 BFC CERTIFY CCW

0 !HISTORY 2025-02-27 [OrionP] Official Update 2025-02

4 16 5 -11 3.125 5 -11.25 3.125 5 -11.25 2.625 5 -11 1
4 16 5 -11.25 2.625 5 -11.5 2.625 5 -11.5 1 5 -11 1
4 16 -5 -11.25 2.625 -5 -11.25 3.125 -5 -11 3.125 -5 -11 1
4 16 -5 -11.25 2.625 -5 -11 1 -5 -11.5 1 -5 -11.5 2.625
1 16 0 -11.25 1.8125 5 0 0 0 -.25 0 0 0 -.8125 box2-5.dat
1 16 0 -11.125 2.0625 5 0 0 0 .125 0 0 0 1.0625 box2-7.dat
2 24 5 -11.5 2.625 5 -11.25 2.625
2 24 -5 -11.5 2.625 -5 -11.25 2.625

4 16 5 -11.25 -2.625 5 -11.25 -3.125 5 -11 -3.125 5 -11 -1
4 16 5 -11.5 -1 5 -11.5 -2.625 5 -11.25 -2.625 5 -11 -1
4 16 -5 -11 -3.125 -5 -11.25 -3.125 -5 -11.25 -2.625 -5 -11 -1
4 16 -5 -11.5 -1 -5 -11 -1 -5 -11.25 -2.625 -5 -11.5 -2.625
1 16 0 -11.25 -1.8125 5 0 0 0 -.25 0 0 0 .8125 box2-5.dat
1 16 0 -11.125 -2.0625 5 0 0 0 .125 0 0 0 -1.0625 box2-7.dat
2 24 5 -11.5 -2.625 5 -11.25 -2.625
2 24 -5 -11.5 -2.625 -5 -11.25 -2.625
