0 ~Train Track  9V Straight - Metal Rail, Interlocking End
0 Name: s\u9611s03.dat
0 Author: Max Martin Richter [MMR1988]
0 !LDRAW_ORG Subpart UPDATE 2025-02
0 !LICENSE Licensed under CC BY 4.0 : see CAreadme.txt

0 BFC CERTIFY CCW

0 !HISTORY 2025-02-27 [OrionP] Official Update 2025-02

4 16 8.25 -15.5 -2.625 8.25 -16 -3.125 8.25 -11.25 -3.125 8.25 -11.25 -2.625
4 16 8.25 -16 -3.125 8.25 -15.5 -2.625 8.25 -15.5 -.5 8.25 -16 0
4 16 8.25 -16 0 8.25 -15.5 -.5 8.25 -8.25 -.5 8.25 -8.25 0
2 24 8.25 -8.25 0 8.25 -16 0
2 24 8.25 -16 0 8.25 -16 -3.125
2 24 8.25 -15.5 -.5 8.25 -15.5 -2.625
2 24 8.25 -16 -3.125 8.25 -11.25 -3.125
2 24 8.25 -11.25 -2.625 8.25 -15.5 -2.625

3 16 8.25 -16 -3.125 8.25 -16 0 -9.75 -16 0
3 16 -9.75 -16 0 -10.75 -16 0 8.25 -16 -3.125
1 16 -9.75 -16 1 -1 0 0 0 1 0 0 0 -1 1-4ndis.dat

4 16 8.25 -16 0 8.25 -8.25 0 -8.25 -8.25 0 -8.25 -15.5 0
4 16 -9.75 -16 0 8.25 -16 0 -8.25 -15.5 0 -9.75 -15.5 0
2 24 -9.75 -15.5 0 -8.25 -15.5 0
2 24 8.25 -16 0 -9.75 -16 0
2 24 -8.25 -15.5 0 -4.5 -8.25 0
2 24 8.25 -15.5 0 4.5 -8.25 0
1 16 -2 -10.75 0 1 0 0 0 0 1 0 -1 0 4-4edge.dat

4 16 -10.75 -16 3.125 -10.75 -15.5 2.625 -10.75 -11.25 2.625 -10.75 -11.25 3.125
4 16 -10.75 -16 1 -10.75 -15.5 1 -10.75 -15.5 2.625 -10.75 -16 3.125
0 BFC INVERTNEXT
1 16 -9.75 -16 1 -1 0 0 0 .5 0 0 0 -1 1-4cylo.dat
2 24 -10.75 -16 1 -10.75 -16 3.125
2 24 -10.75 -15.5 1 -10.75 -15.5 2.625
2 24 -10.75 -16 3.125 -10.75 -11.25 3.125
2 24 -10.75 -15.5 2.625 -10.75 -11.25 2.625

3 16 -8.25 -15.5 -.5 8.25 -15.5 -.5 8.25 -15.5 -2.625
3 16 -8.25 -15.5 0 -8.25 -15.5 -.5 -9.75 -15.5 0
3 16 -10.75 -15.5 0 -9.75 -15.5 0 -8.25 -15.5 -.5
1 16 -9.75 -15.5 1 -1 0 0 0 -1 0 0 0 -1 1-4ndis.dat

1 16 0 -11.875 -.25 -8.25 0 0 0 3.625 0 0 0 -.25 box3-3.dat
